100
14 9 11
15 11 5
9 2 6
17 16 9
16 14 13
1 1 1
10 1 2
10 1 9
7 6 5
9 9 3
4 3 3
17 1 9
18 10 13
10 10 8
2 2 1
16 6 4
15 10 13
11 1 2
16 16 14
4 4 1
7 5 3
15 2 12
16 11 11
10 7 2
18 14 5
5 5 2
15 12 4
19 6 19
1 1 1
14 13 1
18 17 12
18 7 17
15 13 3
17 3 14
10 8 7
8 3 1
13 5 8
2 2 1
1 1 1
19 2 17
11 8 9
4 4 4
2 1 2
19 12 8
17 15 9
16 1 13
1 1 1
7 2 6
4 4 1
15 7 8
10 5 9
15 10 10
3 2 1
7 2 7
2 1 1
8 2 8
17 14 4
18 11 7
11 3 6
11 10 4
5 3 5
7 3 6
19 10 14
2 2 1
4 1 3
2 1 1
17 11 8
18 11 6
19 2 18
7 1 6
8 3 6
11 8 5
8 6 7
2 1 2
4 1 2
17 14 12
19 9 2
2 1 1
12 4 2
14 12 1
9 2 9
6 5 5
7 7 6
18 15 1
2 2 2
16 16 5
14 6 13
1 1 1
2 2 2
2 2 2
9 8 7
4 1 2
2 1 2
5 5 1
13 1 2
15 1 8
11 9 4
4 1 2
6 4 1
2 1 1
