100
3
107 56 221
162 130 201
188 32 146
9 62 186
2
124 41 54
63 49 8
44 116 14
4
205 80 73
176 64 71
173 163 148
231 17 64
39 195 24
8
69 8 231
216 191 129
128 88 27
93 194 56
242 88 91
155 161 121
194 112 23
54 196 84
237 253 80
5
157 39 140
211 237 4
90 88 221
79 181 15
91 61 14
115 60 52
4
158 167 49
175 80 159
117 53 231
130 79 231
181 209 192
7
171 192 123
230 73 163
182 218 47
223 252 75
220 117 12
44 11 239
236 145 70
101 83 142
4
112 110 32
116 129 95
44 246 141
70 204 235
60 125 204
6
37 179 167
253 225 71
170 199 88
178 160 39
230 36 157
160 152 54
68 151 211
10
247 76 190
76 81 159
231 22 241
179 103 113
144 236 184
65 202 190
152 241 137
203 248 18
245 215 164
140 43 69
187 181 207
10
134 38 141
230 246 140
119 135 32
206 42 45
116 21 42
22 52 14
231 25 8
66 139 238
169 233 45
23 204 22
218 138 81
6
53 148 233
242 236 146
102 157 95
219 200 254
19 196 253
46 7 113
161 182 228
5
232 71 251
16 250 196
229 66 235
65 246 149
3 230 166
37 175 49
5
140 199 241
223 236 139
184 111 243
194 132 95
84 39 229
217 147 194
9
115 133 234
123 201 217
252 146 132
52 102 188
40 123 185
213 81 141
47 10 171
48 127 205
8 2 41
102 196 216
1
120 1 43
206 10 215
10
53 187 132
247 226 71
60 109 21
235 100 8
232 241 223
181 112 255
140 175 200
190 246 108
222 96 252
33 102 11
91 110 3
5
170 191 64
199 152 222
51 215 10
242 207 86
157 246 110
230 189 224
2
138 81 37
109 146 242
150 233 7
7
205 123 67
192 118 139
198 218 238
36 221 107
178 138 159
126 36 26
252 40 98
105 49 50
6
99 69 114
59 86 231
126 73 88
61 104 89
210 40 112
132 56 190
9 128 46
10
6 84 184
140 70 69
218 103 37
60 119 100
36 10 139
93 54 55
97 74 9
86 144 134
48 69 180
193 105 34
40 90 74
7
202 21 190
204 56 134
0 155 231
219 148 40
149 71 126
45 233 84
7 170 244
165 152 187
10
101 167 6
163 193 215
108 8 126
61 204 123
64 229 153
160 209 54
87 201 142
244 209 208
248 216 35
134 133 44
68 37 59
4
43 230 202
97 10 25
139 99 251
19 43 163
209 207 68
6
110 13 251
9 204 155
210 110 157
171 136 126
70 44 110
90 88 49
143 191 32
10
36 71 178
71 165 1
157 102 147
218 116 232
132 9 99
17 214 111
41 131 54
94 28 97
109 175 39
153 52 154
97 0 222
10
156 52 146
112 148 7
109 53 188
201 148 35
38 236 44
203 102 162
17 165 73
121 63 129
95 94 89
114 127 174
77 10 224
4
111 153 143
225 178 234
153 12 205
0 74 16
28 30 145
5
14 51 104
6 6 52
33 65 78
99 0 240
166 24 46
16 72 90
6
248 175 65
38 65 194
83 34 212
126 112 190
219 30 130
102 98 37
104 98 83
5
38 118 52
33 91 71
228 250 163
199 91 79
201 150 37
38 248 52
5
52 196 199
40 81 108
112 207 146
64 62 198
90 230 151
25 172 49
3
128 87 183
28 198 174
205 160 231
254 18 115
2
50 252 107
167 25 143
44 59 207
1
143 56 29
79 187 195
1
182 106 128
163 86 46
10
154 253 113
27 62 178
30 89 133
151 29 128
27 213 175
60 13 221
103 249 115
102 48 4
63 83 39
39 224 72
221 200 121
1
183 244 108
125 179 170
2
187 2 219
35 167 183
171 249 118
6
210 245 163
253 202 205
239 54 169
132 207 237
224 26 7
60 59 181
224 148 103
1
33 167 169
173 61 158
1
175 30 52
202 37 218
7
97 210 39
235 18 247
127 143 63
237 22 140
120 254 65
192 80 179
73 226 69
132 153 154
1
91 217 162
96 169 87
2
253 253 38
16 71 115
247 104 106
3
130 52 232
105 183 48
251 201 138
101 124 255
5
179 154 254
132 25 205
65 210 95
22 205 143
126 165 190
7 162 81
1
32 12 162
219 203 92
10
81 119 130
98 83 3
3 2 222
78 199 184
241 156 232
10 57 250
43 191 55
175 114 235
181 124 24
132 243 185
85 184 2
6
161 148 130
210 174 221
32 175 203
243 239 148
199 147 172
131 43 184
196 142 170
1
62 247 112
82 1 185
1
132 6 108
233 79 98
4
36 230 8
72 103 166
190 100 234
136 195 251
25 185 13
10
196 109 67
20 197 159
110 202 46
166 77 230
146 227 55
216 27 124
104 70 237
136 7 124
178 101 84
27 124 4
160 198 243
10
177 128 239
228 41 136
49 165 106
11 116 6
111 121 212
176 175 174
17 135 174
91 187 42
70 95 153
37 94 186
179 10 41
5
15 100 124
125 240 57
122 8 61
132 242 57
25 126 42
36 251 114
9
152 126 1
169 231 47
194 205 178
88 130 123
239 192 62
237 130 114
206 150 149
219 204 139
210 125 175
232 167 184
6
199 44 90
48 152 246
177 129 189
116 36 64
22 64 220
71 137 159
84 141 71
3
153 213 236
11 98 236
201 193 114
169 225 139
10
220 108 131
100 147 198
44 88 114
216 129 79
28 45 240
77 113 142
139 110 234
202 166 58
124 55 169
255 217 98
250 23 23
7
91 250 91
36 154 200
140 205 81
125 241 78
16 87 237
231 169 243
200 143 111
143 49 6
7
61 252 40
172 174 185
77 101 18
168 100 168
113 185 82
124 185 159
175 136 250
160 230 212
9
161 45 240
68 1 255
190 195 228
102 37 124
138 197 104
53 27 112
222 141 64
38 238 74
110 154 199
55 144 204
6
140 122 127
77 160 204
146 119 93
7 69 98
243 57 74
247 186 32
118 66 175
4
224 103 135
27 8 26
143 119 176
29 177 97
207 194 148
7
52 21 227
16 187 70
128 151 252
233 30 5
31 21 86
162 80 89
125 155 80
42 181 155
10
81 125 9
233 73 194
50 224 224
213 117 31
201 58 175
65 230 85
180 165 0
137 210 72
133 169 31
190 131 86
182 157 127
8
59 82 224
202 131 74
201 79 136
250 112 241
27 239 144
123 128 70
27 241 64
79 198 71
208 177 153
1
100 210 37
218 169 14
6
83 253 50
60 209 125
132 138 27
49 202 182
139 154 135
93 244 169
190 147 172
8
171 219 111
168 106 95
113 154 137
145 86 202
101 239 78
250 104 173
37 119 185
41 113 154
213 248 79
1
192 183 51
210 220 63
1
242 153 111
21 247 16
5
44 82 233
37 22 154
58 0 165
231 82 151
35 170 1
12 183 17
4
192 58 80
164 225 173
63 136 151
102 52 104
190 219 55
5
225 10 242
37 192 232
128 44 11
22 205 15
78 245 185
213 153 182
9
147 30 243
189 61 209
156 146 253
160 36 137
25 150 165
144 88 149
107 159 114
116 182 194
227 4 7
172 79 234
4
209 92 177
185 123 4
211 28 68
43 67 213
159 143 199
2
121 163 33
169 174 75
205 65 6
3
249 188 200
149 155 18
178 67 99
229 177 229
9
195 237 30
246 216 27
87 25 173
164 215 96
211 154 131
77 160 110
195 195 89
57 27 25
183 92 136
173 104 6
1
55 95 252
201 139 132
9
138 100 200
240 87 65
232 147 0
56 161 232
219 252 187
238 98 203
109 4 67
242 183 112
228 161 221
102 127 238
3
200 200 46
174 26 104
9 166 163
126 193 52
10
24 216 121
135 90 60
70 66 67
174 96 24
122 68 164
59 153 97
13 129 131
34 231 45
179 3 232
135 22 125
9 84 116
10
135 39 179
118 40 167
92 54 69
209 71 151
164 155 191
220 43 254
114 250 232
243 135 227
218 93 13
237 44 174
153 169 224
10
140 31 84
164 180 117
244 151 64
247 147 130
67 17 225
5 166 92
211 221 83
128 151 155
110 163 8
43 126 242
166 18 23
2
127 27 137
50 160 162
154 252 221
3
27 149 88
137 208 48
5 236 211
75 163 212
3
115 95 7
216 123 77
170 159 172
247 60 239
5
64 123 136
48 196 43
237 179 102
237 45 233
250 26 122
7 195 202
9
63 182 87
231 65 67
8 118 106
95 24 2
204 73 171
243 138 51
171 186 96
169 117 155
63 255 183
154 78 193
9
106 214 174
137 29 185
152 199 83
101 122 112
29 54 139
107 196 83
192 219 162
207 220 98
87 232 47
78 187 87
6
107 249 103
204 12 26
45 40 118
143 36 131
66 123 98
179 236 54
201 95 127
2
53 246 60
226 186 80
125 182 129
10
95 109 11
58 140 133
124 200 233
215 27 156
152 222 156
229 162 176
45 72 59
3 41 130
201 147 203
238 80 250
35 232 226
2
227 241 81
59 189 241
118 187 174
1
13 167 147
1 35 163
10
139 109 120
46 192 46
82 4 88
151 156 35
80 55 95
74 216 54
91 79 109
159 173 240
9 146 237
64 1 14
254 23 214
