100
1
181 17 85
44 182 103
10
99 149 189
239 31 129
172 89 2
134 147 27
40 153 201
80 254 81
200 82 224
154 86 232
199 138 171
82 55 215
232 15 77
9
74 45 33
216 215 64
2 220 152
1 107 203
231 88 67
233 144 111
121 87 223
201 119 118
10 106 39
6 22 251
2
243 204 233
88 245 5
183 86 233
1
133 4 185
70 192 178
1
242 16 194
137 202 176
7
71 142 187
215 140 150
154 119 142
113 143 197
194 59 0
44 60 113
122 81 123
222 9 148
10
56 107 156
111 3 40
140 170 175
172 190 132
40 167 70
234 185 203
203 32 238
254 232 75
120 49 208
78 205 42
242 213 236
8
154 106 34
173 7 30
175 212 136
27 46 82
151 194 117
171 199 45
149 65 191
182 103 106
161 161 22
2
110 255 112
179 84 175
126 152 90
6
111 13 28
158 66 38
26 43 147
18 188 120
216 229 192
146 66 164
186 68 161
9
33 11 154
209 12 34
30 21 181
194 255 43
158 216 63
32 145 205
53 237 144
170 228 204
179 39 40
97 80 24
10
133 4 232
231 156 38
229 3 192
52 39 82
227 224 66
71 126 108
251 151 185
97 31 83
179 108 191
12 201 242
218 38 37
8
92 181 190
254 28 86
80 212 178
156 83 206
130 78 200
159 52 64
199 116 236
53 157 252
231 97 61
10
127 155 44
150 98 10
117 135 90
239 227 133
35 234 187
72 194 150
152 72 124
1 212 47
220 181 27
68 190 46
78 30 153
4
208 94 166
107 116 68
74 181 95
224 22 88
215 248 76
8
147 147 29
68 101 175
215 223 229
117 190 22
164 149 87
155 80 249
164 64 213
29 250 101
110 10 194
10
104 153 4
131 30 103
65 31 105
114 69 254
87 238 131
192 69 31
144 252 49
206 229 65
151 123 104
44 144 54
237 127 102
2
40 177 77
85 248 191
170 147 212
9
62 4 29
62 204 169
94 220 252
109 229 114
29 69 178
162 199 75
176 97 84
208 233 29
136 79 22
156 133 30
7
254 131 44
89 206 6
6 208 103
242 142 13
50 57 46
127 166 98
51 111 230
71 27 80
2
113 163 116
243 102 250
96 159 46
5
146 153 119
10 37 203
53 168 93
201 69 213
21 143 85
77 156 185
5
135 247 35
116 182 21
26 152 227
139 188 63
221 125 211
77 78 33
1
243 122 43
19 187 62
1
64 182 132
180 50 8
4
17 178 163
14 167 20
207 255 227
233 227 242
127 205 51
8
236 202 255
40 134 174
225 31 60
152 205 141
2 80 30
35 69 69
57 26 238
252 11 129
251 24 130
3
245 116 154
94 4 202
109 84 193
53 246 129
10
188 60 195
156 94 110
97 214 117
99 63 129
185 55 234
192 66 41
63 16 187
220 13 191
218 159 191
149 14 107
53 236 195
9
54 45 197
20 67 163
161 187 170
121 124 25
88 99 178
192 162 162
118 212 62
228 126 83
243 105 65
167 164 4
9
27 76 243
138 165 164
112 76 255
110 118 146
7 106 167
101 174 146
116 28 91
189 204 136
33 103 59
219 206 106
2
3 110 153
132 249 211
100 6 127
3
93 133 250
230 64 44
16 64 215
154 251 40
1
153 228 251
180 171 95
2
82 8 35
225 81 216
0 178 177
4
161 202 42
112 82 246
4 38 60
121 29 76
88 166 209
5
32 29 74
164 201 39
26 208 207
189 228 10
179 44 209
51 82 5
3
227 139 219
152 0 2
184 140 187
248 39 228
9
55 254 40
37 148 251
150 236 111
174 58 100
127 32 214
237 188 142
79 251 233
129 199 126
229 171 77
106 159 3
6
224 19 184
27 179 86
211 167 142
244 157 25
37 140 163
206 167 238
78 122 181
7
56 156 188
70 45 109
133 240 40
0 135 75
97 4 225
101 170 126
47 10 161
49 143 196
2
230 149 161
66 79 181
236 165 64
7
249 115 174
193 68 134
207 166 167
235 157 130
7 184 193
239 174 136
70 170 21
135 1 195
4
193 99 254
6 242 248
161 113 15
177 47 236
235 208 71
10
243 76 248
182 121 253
45 149 129
3 87 82
214 70 241
45 252 168
251 78 212
174 227 16
85 18 159
87 206 195
150 231 9
8
33 233 199
233 200 253
81 249 27
71 62 32
53 8 53
108 113 79
201 153 200
17 146 223
250 182 116
9
158 0 247
202 111 239
107 15 156
82 175 50
40 125 145
55 242 116
42 171 213
75 49 114
207 137 158
249 33 122
8
39 156 204
125 56 146
84 203 50
164 54 47
253 51 37
216 218 162
213 71 23
122 79 160
194 212 19
7
218 204 80
47 148 91
47 5 184
84 88 19
30 86 96
77 77 127
179 176 98
237 94 0
4
42 160 5
198 182 138
35 58 234
254 66 79
39 173 213
4
8 235 110
67 169 222
10 75 172
168 221 4
147 69 241
4
148 245 21
97 227 106
13 37 2
178 79 187
209 22 49
4
32 191 195
164 85 47
172 135 207
5 123 162
167 131 48
10
41 246 123
175 98 73
62 231 24
60 187 11
65 235 2
180 101 223
129 160 184
188 9 73
65 235 95
3 155 128
92 34 207
7
90 158 193
241 10 107
140 186 109
48 23 0
107 213 79
88 239 13
248 48 249
145 176 238
4
15 158 74
223 163 250
149 146 46
127 145 11
117 127 43
1
248 232 222
223 91 251
8
135 40 206
45 90 55
248 143 74
119 199 194
244 37 165
33 78 178
92 148 37
71 60 113
108 226 126
3
40 87 69
221 217 220
133 212 43
173 57 98
5
78 149 70
215 198 171
89 92 184
40 136 223
38 24 63
2 39 174
5
241 169 133
166 120 219
171 188 68
239 169 104
242 39 64
92 188 144
8
233 211 248
115 177 150
74 97 121
149 118 74
150 65 9
104 238 115
14 237 182
40 10 176
16 54 21
9
211 250 241
96 220 116
228 188 175
12 173 189
124 250 237
141 110 114
146 107 101
208 218 175
248 109 217
192 102 231
1
63 235 231
0 160 58
3
66 137 194
199 67 156
208 249 189
177 13 30
3
126 184 146
187 202 27
60 87 109
241 197 250
10
241 251 1
189 241 180
98 242 47
214 23 28
211 78 9
4 104 142
150 61 154
208 176 0
132 109 33
72 189 2
97 48 220
10
179 126 142
2 105 28
62 104 200
248 194 20
117 20 118
20 150 80
207 74 255
164 158 187
155 253 15
150 129 87
102 79 223
10
74 47 45
39 89 183
241 240 188
27 244 113
112 236 143
111 202 13
206 234 116
147 50 45
77 183 2
29 35 55
171 193 211
8
38 14 193
214 247 60
39 166 63
118 96 11
45 129 85
159 20 116
44 244 80
141 141 251
96 16 22
3
59 240 115
106 252 243
108 210 178
117 11 16
6
172 91 112
198 94 203
53 85 131
219 246 104
198 80 164
164 92 62
82 9 190
5
44 32 97
113 174 134
134 215 220
222 56 3
102 138 179
87 107 192
6
53 91 180
144 242 146
19 240 165
7 144 255
253 211 252
251 157 182
93 30 14
2
207 223 196
67 60 135
202 21 21
10
163 195 12
153 62 99
89 119 108
158 176 69
212 7 64
34 160 175
4 30 106
170 177 22
76 34 238
225 114 132
239 212 37
1
104 161 179
54 159 167
2
56 97 202
244 122 185
4 88 90
6
142 228 196
43 164 190
16 62 11
139 231 209
142 164 193
136 97 249
154 30 86
1
152 34 50
18 236 71
6
183 213 99
142 44 110
110 92 42
60 163 255
177 39 156
153 20 2
63 172 251
4
163 239 15
251 183 186
139 8 92
66 201 85
1 203 20
10
167 92 186
145 48 105
234 213 196
76 248 40
225 86 54
72 136 169
13 164 161
58 165 129
159 221 85
180 189 246
89 207 30
6
31 88 109
216 177 157
241 129 194
240 91 86
178 142 162
25 236 164
228 147 18
3
23 238 158
94 49 183
108 249 150
201 186 74
10
128 156 196
98 84 143
164 108 178
38 90 168
146 128 93
140 249 72
54 112 60
187 20 93
167 149 223
87 85 7
160 55 44
7
41 175 22
197 128 131
161 204 15
138 214 167
62 125 158
35 21 217
22 16 7
201 196 20
4
113 234 187
151 149 200
48 90 93
235 6 168
198 120 95
3
63 148 62
47 0 65
83 214 239
121 105 207
4
242 164 121
183 14 43
239 4 15
191 41 201
160 5 56
4
210 203 214
136 63 142
70 158 26
24 35 69
176 38 185
5
236 237 91
237 23 101
232 24 215
83 74 230
44 186 244
11 121 5
6
37 180 183
39 183 169
205 102 248
219 12 238
127 70 103
226 164 110
140 47 30
1
133 131 80
101 108 9
5
151 144 184
9 37 158
160 102 231
185 232 226
238 56 242
101 229 37
9
89 87 244
74 13 26
77 217 52
104 32 105
79 156 53
200 244 236
205 7 38
89 186 56
219 160 158
1 75 128
6
171 62 205
112 254 131
101 124 79
144 46 223
65 200 113
94 164 14
149 220 197
9
123 45 91
144 203 185
189 188 155
20 182 60
251 106 42
60 213 196
167 67 208
90 12 82
98 171 201
243 209 209
7
223 26 177
69 114 185
202 191 195
135 166 207
165 176 46
153 152 112
199 183 119
7 112 182
