100
9
217 169 18
101 20 122
64 134 36
110 175 74
43 62 121
252 244 4
237 231 106
187 192 100
47 199 156
81 109 241
10
26 51 106
130 94 202
182 7 224
115 23 107
241 131 9
157 60 200
93 112 155
167 41 63
217 151 72
14 181 235
242 5 57
4
7 236 128
92 205 136
46 150 234
222 219 142
221 207 183
7
65 124 209
27 115 136
68 194 246
238 151 175
53 237 2
57 50 237
150 40 106
24 105 232
2
193 177 5
41 214 46
203 153 0
3
153 2 21
198 231 102
38 110 59
178 197 193
3
17 168 101
4 72 185
167 30 192
17 3 119
1
81 115 210
206 203 25
1
90 17 102
149 35 167
1
185 57 248
206 86 177
1
83 45 240
103 55 193
4
223 91 19
23 173 159
80 184 71
98 151 248
189 151 60
3
95 70 31
67 151 145
23 19 202
189 222 94
4
55 228 77
137 167 58
215 128 112
217 117 189
230 218 101
1
128 43 166
207 5 82
7
165 212 149
99 133 119
13 34 40
43 144 48
206 103 95
62 231 64
166 156 154
211 73 5
7
123 140 254
194 50 217
70 149 251
51 212 68
251 211 122
23 13 107
250 74 43
172 196 68
7
33 97 48
94 174 20
130 90 215
244 165 29
153 126 117
156 117 159
43 198 255
211 19 90
2
89 202 221
242 90 248
112 63 19
4
164 200 91
49 224 60
33 5 138
28 174 79
230 114 168
6
96 80 79
220 160 201
245 11 92
96 47 134
219 67 132
123 123 10
22 25 253
1
168 163 96
214 126 54
1
248 76 138
147 211 182
2
5 156 134
82 223 133
130 176 154
10
219 75 174
193 152 190
69 4 22
179 103 1
35 137 6
176 202 184
75 247 95
16 77 26
54 102 167
27 12 252
14 61 63
2
37 39 27
66 33 201
217 183 145
5
129 227 92
239 222 41
169 188 142
10 219 126
184 113 128
26 128 49
7
146 240 231
127 216 73
83 68 19
177 127 75
38 166 62
77 148 244
129 189 147
201 229 50
10
187 63 137
146 160 64
85 110 69
183 143 57
247 168 216
6 168 196
101 106 24
200 234 132
138 117 114
101 153 78
113 8 12
5
210 212 100
33 10 154
11 247 82
65 157 133
228 115 17
234 253 29
8
228 166 62
50 75 35
68 81 252
76 155 11
123 63 93
186 32 20
211 202 65
202 48 247
227 125 17
1
96 255 141
246 228 207
6
188 15 98
64 56 191
3 133 222
22 59 15
87 26 138
247 112 39
72 169 103
10
34 175 12
32 172 13
46 236 230
52 0 26
100 239 177
237 213 184
239 235 184
49 32 47
60 131 227
131 164 186
130 17 226
1
230 211 177
138 185 139
9
0 210 74
162 20 218
152 112 150
39 196 0
184 171 94
8 240 243
197 225 78
87 51 189
182 223 19
77 163 46
4
3 140 154
131 35 243
28 22 225
72 119 118
199 89 73
8
77 106 51
198 190 129
238 172 187
174 74 82
0 216 236
72 61 110
16 244 245
209 45 90
121 196 29
6
27 229 52
200 242 88
60 149 182
102 116 110
73 253 29
221 69 51
60 158 137
2
154 146 78
20 16 160
58 21 55
9
147 110 73
55 155 71
205 207 231
172 162 172
77 6 21
130 226 3
71 0 204
97 215 96
228 156 131
234 58 86
3
51 78 176
216 0 102
169 85 234
113 186 216
5
120 232 222
91 62 34
101 42 79
87 200 239
228 175 97
203 128 232
7
218 71 77
10 221 215
233 96 18
180 161 107
218 90 129
185 50 68
55 56 83
39 190 32
6
38 35 128
6 235 100
145 253 108
74 96 238
86 98 106
249 7 138
172 152 168
5
48 14 84
145 37 160
109 218 57
69 255 37
126 124 132
192 124 39
7
85 190 240
208 167 153
45 88 1
28 110 78
108 75 92
197 2 159
64 229 81
47 45 76
2
5 234 221
47 193 166
245 89 146
4
240 164 214
114 51 172
98 239 176
237 197 57
110 67 198
1
111 245 160
233 32 148
6
255 229 64
118 146 34
215 144 53
122 32 208
151 193 238
103 233 176
213 211 98
7
100 217 6
230 20 141
115 166 101
92 57 182
173 3 188
223 139 125
37 63 13
102 84 44
6
51 102 238
114 226 61
227 197 5
142 206 236
233 192 178
191 132 26
237 106 209
6
122 214 152
231 51 57
236 157 239
133 248 47
201 203 224
139 124 19
254 69 104
10
63 13 113
115 161 44
238 103 207
93 170 116
15 248 23
212 227 5
159 171 214
111 149 248
142 56 90
215 246 160
161 221 14
4
218 66 146
83 179 144
41 178 64
251 17 5
74 82 138
8
141 165 208
223 151 230
78 199 200
4 101 100
90 137 59
243 59 70
112 247 142
134 214 3
178 161 235
2
49 37 218
168 234 194
126 1 56
3
2 230 236
21 38 152
149 170 48
142 125 2
9
120 113 138
91 97 225
205 200 233
193 203 101
82 202 234
228 242 247
10 95 163
165 51 105
48 246 79
33 5 144
7
206 120 43
42 96 151
192 241 120
108 155 191
158 179 150
160 21 75
153 20 88
188 133 222
8
230 36 44
238 180 136
220 166 112
38 37 130
65 54 43
212 21 84
185 255 224
115 237 243
145 19 107
2
147 80 170
107 192 143
195 52 208
8
251 85 30
37 1 237
188 218 50
55 89 81
207 151 195
11 173 184
182 181 162
124 70 134
123 102 207
8
153 250 249
125 151 189
61 116 225
56 131 246
5 133 75
192 232 132
120 77 202
164 48 15
208 103 102
10
206 21 150
175 9 140
146 182 119
160 20 35
21 15 94
86 242 84
21 47 13
195 183 145
228 111 26
19 171 87
202 164 139
9
170 229 50
243 78 57
20 86 78
183 219 20
1 105 82
153 217 69
18 245 179
174 218 225
235 248 27
207 13 249
9
224 0 100
123 149 137
2 76 246
173 211 228
145 129 42
159 124 139
13 22 126
2 128 189
44 59 81
194 66 33
1
169 164 104
91 49 123
8
254 188 115
4 106 8
105 45 89
73 176 49
108 95 142
3 83 182
114 29 238
8 151 144
41 208 209
7
220 189 189
109 230 68
52 11 227
183 208 77
126 216 238
38 39 12
142 68 194
68 5 131
2
16 180 213
192 82 9
81 32 244
6
155 189 50
153 125 192
166 71 58
63 217 252
184 14 33
110 107 127
119 217 59
5
54 140 87
74 53 132
230 53 2
116 64 136
152 250 12
64 48 94
8
124 11 207
201 195 110
100 30 136
127 174 249
91 122 50
134 63 18
36 9 126
105 28 87
159 70 155
5
129 242 184
146 187 98
59 216 153
205 125 112
79 55 107
240 190 106
10
157 153 166
105 250 149
158 93 82
68 248 20
116 151 34
221 86 98
72 191 252
23 57 167
74 67 11
53 129 72
4 125 127
7
234 175 210
11 186 218
184 206 31
171 107 42
28 65 125
63 174 226
84 147 60
146 87 86
7
176 118 90
17 233 56
210 56 75
89 129 205
201 130 21
223 41 85
11 167 35
162 213 96
10
97 108 63
252 241 223
255 255 82
47 119 0
156 122 246
247 13 159
59 97 183
126 175 158
112 72 120
161 20 4
39 151 217
4
36 223 146
118 220 247
47 160 6
87 144 247
75 19 217
8
195 108 203
59 37 161
188 57 109
153 144 112
53 213 101
133 200 9
63 57 9
0 176 34
65 132 101
5
90 63 254
130 147 127
65 54 102
125 173 20
250 207 109
60 81 222
3
77 212 147
125 249 248
56 129 129
151 89 227
2
142 199 172
149 248 86
8 40 202
4
154 113 85
213 155 148
89 69 53
66 108 193
62 220 210
6
234 218 160
27 106 205
101 101 206
233 44 210
32 93 28
75 145 85
223 58 12
8
129 20 121
200 51 197
84 233 63
44 241 81
200 70 190
170 76 212
130 19 179
39 249 166
11 123 238
6
61 126 249
125 228 60
234 137 46
232 230 251
155 116 144
3 0 81
231 196 254
5
202 166 221
158 27 251
68 21 71
120 174 73
140 125 215
155 38 244
2
152 100 172
16 169 121
182 216 250
9
221 241 140
233 50 214
139 136 66
176 73 46
245 28 106
104 145 139
23 4 103
219 219 122
164 31 56
239 200 162
9
155 46 72
84 236 35
214 226 99
204 96 59
61 240 97
26 146 248
116 80 233
101 46 167
136 219 12
61 42 213
10
237 147 135
211 235 242
2 234 238
85 246 158
232 246 15
79 255 63
242 250 98
20 121 165
154 25 64
180 15 206
162 128 0
9
122 143 22
149 143 207
180 55 130
171 252 244
212 225 128
251 231 245
65 84 41
229 166 218
91 83 9
252 191 137
5
49 19 60
155 18 51
111 117 119
16 164 32
237 10 53
206 187 78
7
40 179 143
254 11 150
73 169 250
99 102 115
26 73 157
108 176 150
91 113 214
198 81 14
8
5 185 181
67 71 242
39 156 146
11 55 78
172 184 11
220 242 29
244 126 92
246 174 54
70 36 99
10
130 93 143
61 242 18
253 118 141
243 128 134
180 146 182
130 142 67
229 47 145
143 148 49
183 238 47
80 111 235
2 138 93
3
76 162 111
212 250 160
75 32 4
227 187 26
