100
4
129 92 197
94 71 23
0 149 124
35 95 131
169 165 87
2
10 23 214
241 160 68
145 236 36
7
54 8 219
133 169 26
96 109 128
81 107 68
46 51 30
34 10 193
211 149 140
94 176 83
6
61 42 204
218 50 207
158 169 86
88 129 237
119 116 142
118 22 44
217 161 115
6
123 136 188
255 74 130
103 105 203
53 122 133
49 143 164
241 207 39
114 86 65
8
221 187 107
102 243 171
233 236 67
181 40 65
67 242 56
153 152 61
245 144 99
172 160 1
165 192 64
3
229 86 82
191 100 165
121 195 63
18 135 239
6
209 49 222
35 238 28
133 182 62
96 71 226
224 136 100
222 133 67
186 117 174
3
208 2 130
84 174 114
62 15 52
71 152 188
9
40 10 74
253 90 134
90 253 33
188 71 30
248 52 71
115 122 75
24 39 247
55 60 225
215 76 218
76 189 122
6
10 88 134
248 142 175
196 222 42
118 83 124
79 5 171
234 213 157
176 18 238
9
191 32 13
87 115 211
168 182 185
66 241 236
147 15 6
190 204 96
218 173 239
129 31 15
26 119 236
165 171 47
4
100 235 198
40 228 195
110 121 208
24 119 216
127 25 10
5
203 178 233
171 53 230
135 77 96
22 94 71
186 73 249
26 178 252
6
46 255 53
144 11 175
108 48 177
10 241 74
70 56 244
8 111 161
12 215 121
6
213 32 64
163 125 171
219 110 116
236 205 220
148 201 40
111 161 42
242 9 30
3
193 121 33
32 7 11
53 189 187
101 18 48
1
133 3 10
135 117 189
4
136 163 198
135 246 9
161 232 8
109 120 144
209 150 149
3
238 213 93
146 238 147
23 71 206
156 248 248
10
51 17 190
205 75 231
160 215 32
164 52 215
194 88 123
49 184 181
194 239 67
220 108 66
57 117 178
1 116 178
90 0 171
8
139 113 153
190 198 206
185 106 210
210 24 178
213 184 68
60 70 148
117 59 245
147 62 230
16 82 29
7
182 222 68
99 22 39
180 16 97
224 103 228
240 24 33
54 55 48
1 9 147
197 61 32
3
248 125 206
6 218 221
112 29 152
231 52 169
7
220 69 78
250 95 183
188 48 21
223 61 205
205 249 232
14 83 213
176 26 189
244 108 77
7
199 217 19
238 139 111
73 187 235
251 212 251
61 194 206
208 125 130
200 96 79
251 37 100
6
173 201 91
213 104 0
80 199 97
154 88 126
211 184 210
143 122 91
40 88 111
5
166 189 42
155 153 32
143 22 128
66 158 83
32 44 3
178 171 20
7
152 210 122
246 193 136
116 226 18
67 195 82
92 128 38
103 88 219
67 108 164
98 191 175
8
198 28 181
178 57 48
20 180 4
35 186 51
78 154 169
0 227 60
142 116 172
140 140 170
242 88 28
9
28 204 179
244 165 132
95 205 195
223 77 210
181 144 223
55 108 169
88 150 12
34 6 98
241 134 31
238 16 73
5
209 151 142
245 183 15
0 62 150
182 192 58
105 50 68
184 91 217
1
36 29 89
244 179 168
2
81 113 247
69 224 100
158 115 121
6
161 221 13
85 115 53
165 203 202
141 114 246
149 199 162
244 27 133
63 190 250
8
179 62 233
23 221 123
122 202 254
110 238 163
216 203 7
187 31 117
186 30 13
3 166 53
1 66 67
7
112 197 132
27 89 208
187 158 26
186 24 73
219 83 50
22 62 184
101 172 198
7 248 216
1
117 129 47
238 106 100
5
22 210 51
120 38 37
214 167 54
42 42 38
132 9 254
28 102 238
7
107 187 193
27 234 237
28 21 33
100 213 212
106 2 151
148 201 1
159 94 114
77 171 27
4
28 146 55
8 143 57
0 107 221
53 85 42
83 21 13
5
50 146 222
185 220 73
200 91 157
177 142 112
50 143 243
104 144 13
7
135 134 136
236 185 62
111 155 208
8 136 5
98 206 205
184 42 155
195 4 20
183 28 192
7
183 6 245
191 71 17
190 183 63
155 36 138
80 217 164
254 13 99
167 22 2
174 110 248
1
83 33 111
72 39 148
3
124 221 104
86 238 176
113 238 31
152 171 65
1
109 86 146
247 191 67
5
243 31 88
100 80 195
193 46 63
96 177 145
202 27 17
218 215 155
2
165 104 29
95 115 38
166 6 201
1
80 79 147
255 242 140
6
175 13 133
79 34 102
179 109 244
229 227 119
122 238 17
32 84 69
226 104 66
9
35 43 188
100 93 232
247 240 209
202 20 81
206 188 56
46 175 4
190 67 89
215 131 34
121 51 82
33 89 156
6
158 193 74
254 8 5
31 49 76
151 34 228
115 153 55
158 88 223
223 89 55
7
6 9 159
144 189 245
41 127 184
212 55 129
195 251 178
53 121 239
250 106 99
191 251 224
10
225 1 233
128 85 161
218 171 75
122 193 79
0 27 124
138 3 114
88 27 156
6 128 65
167 107 107
95 93 159
26 206 135
6
79 139 48
136 132 39
151 209 145
125 43 219
33 126 23
140 196 220
115 51 210
1
154 50 74
161 74 6
8
83 26 89
120 130 225
37 164 8
193 81 4
94 0 186
223 12 54
32 208 133
127 97 29
212 80 5
6
110 16 67
215 56 37
125 222 135
238 84 20
94 178 93
75 186 110
191 34 169
5
129 135 199
181 180 115
164 95 176
113 189 78
131 199 180
172 82 224
6
145 206 239
111 152 97
45 97 125
87 112 180
146 211 66
141 219 102
18 237 25
1
160 146 45
105 234 96
8
21 170 106
93 192 196
65 37 191
176 55 176
11 224 225
105 110 88
83 30 118
225 112 135
218 237 80
7
173 110 215
203 105 206
96 246 48
124 138 112
237 139 98
142 155 95
156 117 1
172 72 2
1
223 253 72
24 247 113
7
102 51 134
172 203 240
117 71 191
113 114 231
45 208 47
210 24 72
238 11 0
165 191 12
9
2 151 190
197 77 44
29 135 182
64 219 148
24 82 204
55 54 190
226 116 91
28 200 110
200 93 26
206 251 108
3
212 5 58
27 37 243
140 10 29
20 12 94
1
41 238 93
118 141 208
6
238 130 151
80 232 158
75 45 54
238 236 91
254 170 186
200 223 93
114 74 178
9
179 116 141
245 185 4
40 20 3
205 172 137
227 11 34
157 78 41
164 90 32
236 131 240
65 159 40
116 254 111
2
103 133 95
217 110 194
96 219 31
8
85 243 76
174 51 246
140 10 61
162 46 205
25 220 176
236 133 217
22 241 119
137 163 228
166 96 131
1
9 229 64
246 223 182
7
209 151 219
208 3 144
27 195 15
73 80 52
255 211 234
156 112 139
22 189 1
74 191 17
1
136 158 9
201 146 173
4
193 68 61
104 240 43
230 144 24
129 82 59
58 38 202
4
188 174 130
71 98 126
63 129 163
76 113 116
47 102 151
10
42 87 64
189 9 147
17 201 184
153 231 244
209 253 41
42 84 212
103 214 154
78 126 124
8 47 70
133 187 219
34 186 55
2
134 191 209
164 118 85
57 49 170
2
111 177 153
234 4 221
193 126 196
5
140 76 68
7 181 156
217 88 239
55 9 116
96 214 225
33 15 171
7
245 222 156
239 76 158
10 95 254
197 90 63
25 28 82
201 182 156
238 180 148
73 95 218
2
244 33 45
128 150 11
130 165 25
2
24 181 161
19 46 19
250 161 25
7
45 35 86
76 127 189
131 162 240
28 74 40
225 140 67
108 228 159
2 104 3
209 13 179
1
46 64 88
255 213 200
4
193 201 138
174 70 186
170 21 157
167 94 89
204 43 14
3
152 244 156
235 172 55
202 77 158
177 51 8
6
126 146 17
22 158 12
72 200 21
58 181 150
2 173 199
107 120 148
183 132 95
4
196 243 162
68 3 222
167 157 110
21 243 60
47 227 77
1
67 176 196
82 87 247
6
47 74 131
207 40 45
92 184 59
161 130 48
167 89 207
222 51 213
206 185 112
3
29 114 80
204 55 122
218 77 27
68 73 22
7
200 169 112
44 253 93
191 232 254
50 72 193
245 73 232
44 245 99
191 188 91
98 223 45
9
23 226 164
249 118 126
7 223 47
45 17 84
9 41 58
25 38 250
94 233 81
248 198 99
52 222 9
108 131 25
1
1 165 131
180 88 43
8
133 231 193
130 188 235
219 69 212
95 100 105
216 163 189
171 211 112
143 40 241
160 189 24
92 47 73
2
189 226 97
33 76 217
125 153 51
4
223 34 169
206 20 80
9 13 205
149 236 211
7 3 220
