100
5
66 88 41
174 190 188
14 190 14
255 43 25
61 207 41
58 41 31
4
73 76 68
58 89 138
52 77 167
8 228 180
48 126 247
3
130 75 250
203 140 13
15 27 206
204 98 211
10
44 105 168
134 3 119
221 248 239
225 173 38
63 165 127
154 201 51
53 159 254
98 182 201
91 218 164
99 53 182
210 51 180
2
14 20 126
143 91 176
224 26 23
6
79 4 39
252 181 195
180 204 40
247 167 64
61 78 128
211 117 169
242 16 184
10
4 143 46
171 234 64
83 86 198
107 154 212
100 240 180
59 164 229
142 12 41
224 76 128
152 203 93
118 47 193
232 164 172
7
27 220 134
226 81 77
152 136 127
56 244 245
242 206 67
176 102 10
109 20 102
221 28 4
2
86 50 128
108 204 11
187 207 67
9
186 83 111
141 3 164
251 199 180
27 167 116
29 68 154
159 207 156
142 141 151
95 36 82
97 209 103
106 252 121
9
223 38 246
220 134 81
160 48 0
219 149 102
227 105 157
187 42 213
194 154 69
224 125 157
169 238 175
164 79 43
10
192 118 142
121 83 182
148 139 164
52 10 170
49 242 158
56 77 91
173 8 76
247 98 127
163 168 8
119 228 144
230 115 73
1
43 147 166
76 111 236
10
117 92 37
234 16 8
44 131 253
209 33 76
167 46 68
15 185 172
251 243 248
188 94 116
129 57 21
33 218 163
132 74 172
6
217 253 217
253 220 194
74 146 136
253 156 82
45 143 104
2 33 14
19 161 141
2
132 40 224
119 245 237
131 205 180
8
164 77 154
152 112 111
217 44 67
145 202 203
41 23 150
76 70 86
134 132 175
230 208 60
170 169 136
5
148 167 194
70 89 189
172 211 84
42 228 151
203 101 55
127 236 87
1
28 218 17
134 143 92
6
197 34 21
103 104 217
85 202 149
35 32 216
33 134 56
242 131 131
115 10 213
9
189 194 16
107 160 86
229 135 6
129 121 3
151 112 154
149 162 70
240 116 200
21 86 203
10 193 74
17 240 157
5
168 109 162
15 0 47
137 63 211
42 126 62
123 177 115
216 66 82
8
218 143 134
53 210 73
126 3 210
192 100 202
150 108 231
185 153 173
21 62 180
172 61 120
78 23 254
3
202 41 196
83 45 43
167 68 5
225 134 140
6
10 130 29
162 31 235
238 110 223
53 244 201
232 223 238
33 187 136
96 122 125
7
149 231 139
181 176 96
70 93 113
49 59 69
2 191 98
97 136 145
5 210 46
213 248 210
8
238 132 246
234 131 28
203 172 201
193 135 4
67 240 131
79 221 252
176 10 252
251 208 117
184 79 202
9
144 122 38
16 207 156
9 212 118
156 99 118
190 129 204
188 68 254
69 130 96
18 35 238
114 231 119
29 201 56
8
116 55 3
53 113 22
132 236 128
250 22 21
54 135 16
125 180 85
117 68 198
71 208 198
196 104 132
7
72 222 114
21 147 202
124 211 161
69 85 206
179 33 53
118 233 53
192 196 187
56 109 116
6
112 196 124
4 0 45
6 137 81
156 1 28
226 176 72
130 49 111
86 214 127
5
155 107 237
136 214 186
217 152 45
34 249 19
236 178 206
231 177 184
5
86 75 216
164 126 136
243 207 38
97 193 109
92 207 235
110 46 58
3
244 183 171
64 8 15
30 95 241
147 183 0
6
33 30 203
70 37 41
157 39 224
149 122 18
23 58 41
230 132 5
44 158 114
10
189 14 122
30 79 36
31 99 240
22 155 178
220 178 71
159 113 246
36 71 121
156 229 211
3 143 63
134 31 38
15 35 161
10
9 63 111
69 62 130
31 42 143
222 209 195
0 53 82
112 38 39
221 56 230
72 203 147
221 221 176
196 150 242
21 80 147
9
121 213 42
223 219 73
86 223 49
150 172 76
108 180 64
78 47 59
226 58 240
188 37 13
92 180 217
197 255 140
9
218 226 249
225 104 103
80 15 204
125 122 208
82 182 98
234 11 14
14 72 95
113 104 187
249 165 22
216 252 10
6
202 78 252
100 115 104
67 176 49
60 75 242
164 6 36
223 153 19
107 77 98
2
155 78 68
211 134 55
24 161 160
5
128 69 215
204 205 115
3 194 232
161 182 86
203 114 6
191 32 111
4
159 88 107
152 129 170
120 136 167
83 123 79
90 157 176
3
77 136 97
52 169 210
203 183 140
164 44 16
4
0 206 136
200 114 155
72 74 230
74 243 179
18 160 23
9
89 13 69
70 68 247
200 53 135
38 205 88
200 90 149
141 45 153
86 117 36
248 232 61
238 232 152
173 176 1
1
51 26 154
254 49 2
4
154 87 125
35 144 196
48 237 104
145 201 94
143 66 90
1
7 30 44
105 196 152
1
129 154 62
145 21 175
2
5 10 115
146 191 84
148 38 115
3
242 29 85
16 198 115
142 196 70
19 20 124
5
162 175 5
107 92 155
147 57 48
185 66 38
5 247 184
53 57 185
4
238 146 212
143 83 236
31 4 103
147 69 253
111 254 72
9
159 163 79
230 9 249
28 71 49
114 80 185
180 213 198
36 85 97
102 9 241
226 109 134
39 173 200
126 169 152
1
56 163 30
193 18 34
9
49 32 111
209 170 90
60 185 177
38 247 147
215 168 214
191 63 11
101 9 223
57 127 28
193 125 178
222 251 84
1
195 242 204
89 240 166
2
62 246 191
43 67 124
162 17 209
6
231 5 29
63 231 255
68 221 240
30 161 113
174 59 58
193 75 85
79 147 5
7
170 107 225
155 182 24
235 52 219
248 178 107
160 237 216
138 160 13
124 85 147
64 18 81
3
27 155 118
115 171 222
78 134 226
89 147 125
3
237 242 174
135 22 95
172 31 208
204 75 212
4
228 40 91
129 215 125
52 51 108
138 6 37
166 101 61
9
50 193 101
88 12 205
197 42 65
197 119 55
168 220 194
156 54 137
44 67 12
184 102 102
98 116 20
12 112 52
8
195 161 36
205 51 230
154 153 227
155 92 161
251 159 57
17 162 117
236 145 17
142 183 17
144 2 169
2
180 212 237
143 151 97
225 174 158
10
216 62 146
113 71 152
90 236 38
72 178 39
0 223 204
69 23 40
173 167 70
241 185 51
156 240 212
84 38 200
27 249 50
5
41 118 6
40 202 146
107 180 144
207 199 84
233 99 11
177 240 170
2
8 13 224
78 31 253
16 19 136
5
134 67 151
202 150 77
62 108 220
30 61 38
6 96 107
19 240 11
4
226 90 129
38 171 136
82 220 200
234 231 4
234 185 147
7
16 113 103
132 157 207
133 11 135
157 54 152
130 110 195
139 127 10
182 100 160
202 89 56
8
68 218 154
212 62 21
151 170 43
223 193 22
5 23 145
220 61 39
248 132 8
194 147 225
200 115 192
7
130 252 124
51 165 39
197 182 29
161 130 176
34 245 136
37 133 25
102 174 9
15 93 192
8
94 87 236
52 15 26
148 65 19
28 89 1
192 138 200
63 236 72
67 2 98
166 118 4
89 126 29
3
67 72 169
171 93 9
126 245 96
60 236 122
1
76 55 213
48 33 201
8
125 248 239
190 235 228
248 24 135
57 122 214
124 82 171
5 217 118
162 79 167
110 174 222
114 174 180
3
38 50 111
69 29 238
86 232 61
142 79 224
5
202 191 50
169 115 136
118 221 84
82 92 255
15 74 107
255 149 1
6
57 79 84
254 70 14
157 234 156
60 98 151
42 121 121
181 52 185
109 49 67
7
49 105 229
185 109 169
76 100 155
80 73 11
209 211 15
61 30 157
212 115 123
155 14 61
2
117 49 232
61 32 79
23 208 235
3
109 81 154
18 129 123
239 23 57
86 56 21
8
219 201 5
126 123 104
185 49 87
217 246 127
139 9 131
132 253 159
130 77 117
220 144 109
223 134 139
5
176 5 221
199 69 251
178 32 164
255 216 96
222 73 173
174 211 79
9
107 142 67
76 84 29
119 250 99
69 108 32
74 201 37
58 78 179
73 159 128
121 64 234
105 39 209
63 166 96
7
108 122 51
118 39 164
46 228 184
35 253 27
2 194 87
151 44 185
44 104 0
234 49 182
1
124 162 78
67 229 102
8
75 40 214
53 196 210
218 189 10
69 237 76
87 127 9
72 187 203
247 178 111
210 67 83
92 55 232
10
69 221 218
8 3 87
243 122 79
194 168 164
131 178 241
83 57 48
162 47 80
198 101 130
51 164 126
155 17 208
96 55 7
5
118 119 71
105 123 128
71 141 70
215 231 177
102 56 212
184 135 75
4
116 105 118
85 218 69
197 185 36
76 251 47
100 117 13
7
90 191 31
106 228 189
247 228 10
82 26 63
141 77 230
162 99 115
17 254 220
76 73 46
9
182 64 213
99 136 169
52 75 221
210 45 142
114 128 35
196 189 74
112 71 174
172 25 228
15 60 163
43 129 96
7
197 196 20
145 46 118
173 250 4
47 219 60
96 121 114
61 4 163
169 239 208
126 23 37
2
202 47 130
81 117 243
214 48 247
4
101 100 254
69 196 249
68 3 141
71 200 168
12 116 20
4
169 195 15
164 111 123
218 48 232
31 232 130
186 149 194
