100
3 8
4
H 3 6
H 3 3
L 1 2
H 2 4
2 1
1
H 1 1
5 2
2
L 2 1
L 5 2
10 6
1
L 4 2
1 10
3
L 1 4
H 1 3
H 1 9
3 8
2
H 1 7
L 1 3
4 1
1
L 1 1
3 9
5
L 3 9
H 2 4
H 1 2
H 3 5
H 3 1
5 5
1
H 1 1
6 2
3
L 5 2
L 3 2
H 4 1
8 10
7
L 5 1
H 4 4
H 2 10
H 2 8
L 1 4
L 8 9
H 8 7
9 9
3
L 3 3
H 4 7
L 7 4
1 9
4
L 1 6
H 1 8
H 1 9
H 1 1
2 10
5
H 2 6
H 2 5
L 1 5
H 1 7
L 2 10
1 3
1
H 1 3
7 5
3
H 3 3
H 3 5
L 3 2
2 4
3
L 1 2
H 2 4
H 1 1
8 7
4
L 7 4
H 1 2
H 4 5
H 1 4
1 7
3
L 1 6
H 1 5
H 1 4
8 3
1
H 2 3
4 2
2
L 4 2
L 3 1
10 10
1
H 1 6
2 6
3
L 1 5
L 2 3
H 1 6
9 10
8
L 5 6
H 4 3
L 6 5
H 3 1
H 3 5
L 9 1
H 5 4
L 8 1
2 8
2
H 2 6
H 1 7
8 8
6
L 1 2
L 3 7
H 4 6
L 2 3
L 6 5
H 4 5
9 6
5
H 4 3
H 2 5
H 7 6
L 8 2
H 9 1
4 8
5
L 4 5
H 3 8
H 1 3
H 2 2
L 3 1
8 2
2
H 1 2
L 7 1
8 4
5
L 7 2
L 5 3
L 6 2
H 6 4
H 2 3
6 7
3
H 4 6
H 3 1
L 2 6
2 8
3
L 1 3
H 1 6
L 2 3
4 5
1
L 3 1
3 4
1
L 2 4
7 4
1
H 3 4
9 7
3
H 3 5
L 9 6
H 9 3
9 2
3
L 9 1
L 5 1
H 9 2
4 4
3
L 2 1
H 4 3
H 3 1
4 5
4
L 2 3
L 1 5
H 4 4
L 4 2
10 6
1
H 3 3
5 1
2
L 5 1
L 4 1
1 5
2
H 1 2
H 1 3
8 9
7
H 3 7
L 6 6
L 1 2
H 1 3
H 2 4
H 2 6
L 3 6
10 10
10
L 6 6
H 5 2
H 7 3
H 7 1
L 1 2
H 9 4
L 2 5
H 3 10
H 3 6
L 7 4
2 8
4
H 2 7
L 2 2
H 2 3
H 1 1
8 6
1
L 7 6
8 9
7
H 4 5
L 7 3
L 1 8
L 3 1
H 5 4
H 1 1
L 4 9
7 10
4
H 5 8
H 6 6
L 7 5
H 7 3
6 5
5
H 4 5
L 3 3
L 4 4
L 1 2
L 5 1
2 8
4
H 2 4
L 1 6
H 2 2
L 2 3
1 6
2
L 1 6
H 1 4
3 6
3
H 3 3
H 2 5
H 1 6
6 2
4
L 5 2
L 6 1
L 4 1
H 5 1
1 3
2
L 1 1
H 1 2
10 1
3
L 9 1
L 2 1
H 4 1
9 8
6
H 9 5
L 2 4
H 3 7
L 9 7
H 7 4
L 7 2
9 6
7
L 6 4
H 7 5
H 1 2
L 8 1
L 4 5
L 9 1
H 2 3
3 5
1
H 1 5
6 7
3
L 4 3
H 3 1
H 6 7
10 2
3
L 1 2
H 7 2
L 3 2
8 10
8
L 8 7
L 6 1
L 2 1
L 5 1
L 3 5
H 4 7
H 1 8
L 1 9
5 4
2
H 5 2
H 3 1
2 1
1
L 2 1
3 4
1
L 2 2
1 7
3
L 1 2
H 1 5
H 1 1
4 9
2
L 4 4
H 1 1
7 4
5
L 4 4
L 7 4
L 6 2
H 1 4
L 5 1
5 3
1
H 2 2
10 10
9
L 6 6
L 8 9
L 9 1
H 5 2
L 5 10
L 1 8
L 7 2
H 9 4
H 5 9
8 6
2
L 7 4
H 6 6
6 4
4
H 6 4
L 3 2
H 6 1
L 4 3
3 8
1
H 2 2
9 3
4
H 9 2
H 1 1
H 1 3
L 6 3
1 4
1
H 1 4
6 9
5
H 1 5
L 6 2
H 5 2
H 2 8
L 4 7
9 6
2
H 7 3
L 7 1
10 3
4
H 9 1
H 2 3
L 4 3
L 3 1
8 7
6
L 7 2
L 2 1
H 2 5
L 8 5
L 3 7
H 4 4
2 9
4
H 1 3
H 2 5
L 1 2
L 2 2
10 9
8
H 5 9
H 3 2
H 2 6
H 9 8
H 3 3
H 9 7
L 6 6
L 1 5
5 5
4
H 5 1
H 4 2
L 2 2
L 5 3
2 4
3
L 1 4
L 2 3
H 1 3
8 1
2
H 1 1
L 5 1
10 2
3
L 5 2
L 6 2
H 9 2
5 8
3
L 4 8
L 1 2
H 5 8
2 4
3
L 1 2
L 2 3
H 1 3
3 5
2
H 1 1
H 2 4
3 10
3
L 3 4
H 3 9
H 3 3
5 4
1
L 2 2
3 7
4
H 2 7
H 3 5
H 3 1
H 1 6
2 3
1
H 1 2
3 9
2
L 1 1
L 3 3
10 10
1
H 2 7
1 6
2
L 1 2
H 1 4
7 9
4
H 1 4
H 4 1
H 3 9
H 1 5
2 5
2
H 2 3
L 1 3
7 4
5
L 7 3
H 2 1
L 2 4
L 3 3
H 5 4
7 8
5
L 7 2
H 5 1
H 2 5
H 6 8
L 1 3
6 2
1
H 2 2
2 7
4
L 1 3
L 2 5
H 1 1
H 2 6
