100
7 7
3
H 4 3
L 3 7
L 2 5
5 3
2
L 4 1
H 5 2
5 8
1
L 5 7
8 7
7
H 4 3
L 4 4
H 6 4
H 2 2
L 1 7
H 2 1
L 5 3
9 3
3
H 8 1
H 8 2
L 3 2
6 5
1
L 5 1
6 10
2
L 3 4
L 4 9
5 5
1
L 5 4
7 6
2
L 1 6
L 3 4
7 5
6
L 3 3
H 7 3
L 4 4
L 5 5
L 7 5
H 3 2
9 5
4
L 1 5
L 9 3
L 5 4
H 7 4
10 9
9
L 10 6
H 7 8
H 6 5
H 10 9
L 3 2
H 5 4
L 9 1
L 8 5
H 8 2
4 3
1
H 4 3
7 4
3
L 4 4
H 6 1
H 6 2
4 1
1
L 4 1
6 8
3
L 4 6
H 5 7
L 2 2
1 8
4
L 1 2
H 1 6
H 1 8
H 1 5
2 5
3
L 2 5
H 1 3
H 2 4
6 5
2
H 4 5
H 3 3
2 1
1
H 1 1
3 1
2
L 1 1
H 3 1
1 10
4
H 1 7
H 1 5
L 1 6
H 1 1
2 5
3
H 1 3
H 2 5
H 2 2
3 7
5
H 1 3
H 2 7
H 1 5
H 1 1
L 2 6
1 2
1
L 1 1
1 6
3
H 1 6
L 1 1
H 1 4
3 2
2
H 1 2
L 1 1
6 9
7
H 1 6
L 4 5
L 6 9
H 6 8
L 1 4
H 1 5
H 4 1
3 10
5
L 2 3
L 1 3
L 3 4
H 3 6
H 3 8
8 3
3
H 2 1
L 6 3
H 1 3
8 9
8
H 4 7
L 1 8
L 6 9
H 6 2
L 5 4
H 5 3
H 4 5
L 4 3
2 7
1
H 2 4
6 9
5
L 2 4
L 5 8
L 6 2
H 4 4
L 3 5
8 3
1
H 1 1
7 9
7
L 2 1
H 2 5
H 6 6
L 4 7
L 7 1
L 3 4
L 6 2
7 7
2
L 3 6
H 7 5
2 10
5
L 1 2
H 1 1
L 2 10
H 1 7
H 1 8
6 5
5
L 4 2
L 1 1
L 5 1
L 3 5
L 2 2
9 8
8
L 6 3
H 1 4
L 7 1
L 4 4
H 3 8
H 1 7
H 2 3
H 9 6
10 5
6
L 5 3
H 8 5
L 1 2
H 4 3
H 8 1
H 5 2
5 7
5
H 2 5
H 1 1
H 4 4
L 3 4
L 5 3
7 2
1
L 1 1
6 1
1
L 5 1
1 2
1
L 1 2
2 3
1
L 1 3
8 5
5
H 6 4
L 1 2
L 3 4
H 1 1
L 7 4
2 3
2
L 1 3
H 2 1
1 8
3
H 1 1
L 1 7
H 1 3
3 7
1
L 1 3
8 10
5
H 6 9
L 7 7
L 8 8
L 5 4
H 4 4
9 2
1
L 7 1
6 1
2
L 2 1
H 5 1
5 7
4
H 2 2
L 4 2
L 1 3
L 2 1
9 2
4
H 6 1
H 4 2
L 5 2
L 7 1
7 4
1
H 1 4
5 4
4
L 3 4
H 2 4
H 5 3
H 3 1
10 8
4
L 5 4
L 9 7
L 6 8
H 1 1
9 7
2
L 6 4
L 5 4
10 6
2
H 9 3
L 6 1
10 7
6
H 7 7
H 1 3
L 9 3
L 1 6
H 8 2
L 7 2
5 7
6
H 3 1
H 5 3
H 4 4
H 5 5
L 1 4
H 4 6
5 1
3
L 1 1
L 3 1
H 5 1
10 1
4
L 2 1
H 9 1
L 7 1
L 1 1
7 9
1
H 4 2
1 10
2
L 1 2
H 1 7
2 2
1
H 2 2
7 7
1
H 5 4
8 8
3
H 4 7
H 5 5
L 1 6
4 6
5
H 1 6
L 2 5
L 1 4
H 3 5
L 4 1
7 10
1
H 7 4
3 4
2
H 3 2
H 1 1
6 8
7
L 5 8
H 5 3
H 5 2
H 2 7
H 3 6
H 4 4
L 1 8
10 7
4
H 9 2
L 2 1
L 8 4
H 4 5
5 7
2
H 4 3
H 4 4
9 10
8
L 9 4
L 1 5
L 6 10
H 2 9
L 8 7
L 2 10
H 6 7
H 2 3
1 5
1
H 1 2
1 9
3
H 1 2
H 1 9
L 1 4
4 9
6
L 3 9
H 4 3
L 2 6
H 4 9
H 2 8
H 3 7
4 6
1
H 3 1
1 9
4
L 1 4
H 1 5
H 1 6
H 1 7
8 7
2
L 5 3
H 8 4
5 1
1
L 5 1
1 10
5
H 1 2
L 1 7
H 1 4
H 1 5
H 1 6
3 10
1
H 3 3
8 8
1
L 7 7
7 10
7
L 7 1
L 4 7
L 5 8
L 6 2
H 3 7
H 3 10
H 7 6
8 4
3
H 7 3
H 7 2
H 2 4
6 2
1
H 5 1
8 3
4
L 5 2
H 7 1
H 2 3
L 4 2
3 8
2
L 3 2
H 1 2
9 1
4
L 1 1
L 5 1
L 7 1
L 4 1
1 2
1
L 1 2
7 6
4
H 3 2
L 2 3
H 7 4
L 4 5
5 1
2
L 5 1
H 1 1
6 7
2
H 3 1
L 3 5
9 5
3
L 3 4
H 7 2
L 4 5
8 4
3
L 1 1
L 3 4
L 6 1
1 1
1
L 1 1
5 9
3
L 5 7
H 5 5
H 4 1
7 7
5
L 7 5
H 6 2
H 6 6
L 2 2
H 1 5
