100
18 11
00000001000
00111101000
01111111000
11111110000
00111110000
00111111000
00111110100
00011101100
00010101100
00001111000
11100000000
11111000000
01111000000
11111100000
00011100000
00000000000
00000000000
00000000000
13 14
00001111110000
00001111111000
01111111111000
01110111100000
00001000000000
00000000000000
00000000000000
00011000000000
01111100000000
11111100000000
11111100000000
11111110000000
11111000000000
7 6
111000
111000
111000
110000
001000
100100
110010
17 17
00000000000000101
00000000010000111
00000110011000011
00010111111111011
00111111111110011
00011111111100111
10101111111110111
01000111111110001
00000111111100001
00000011111100010
00000010101100000
00000001101000000
00000000000000000
00000000000000000
00000000000000000
00000000000000000
00000000000000000
12 16
0111111111101110
0111111110001100
1111111100011110
1111111111001110
1111111111100110
0111111110000000
1101000000000000
0000000000000000
0000000000000000
0000000000000000
0000000000000000
0000000000000000
8 12
000011111000
000111111100
000011111000
001000000000
110110000000
111110000000
111110000000
111110000000
21 17
00000000000000000
00000000001100000
00000010011000000
00000011111111000
00000101111111100
00000011111111000
00000001101110000
00000111010111000
00000010000110100
00000000110001000
00000001111100000
00000001111111111
00000001111111100
00000011111110000
00000001110100000
00000001001100000
00000000001000000
00000000000000000
00000000000000000
00000000000000000
00000000000000000
6 22
0000000000001111000001
0000000000001111100101
0000000000000111111100
0000000000000011110110
0000000000000001110100
0000000000000001111000
20 19
0000000000011000000
0000000011111000000
0000000111110100000
0000000111111000000
0000000111111000000
0000000101010000000
0000000110000000000
0000000010000000000
0000001000100000000
0000001111110000000
0000001111111110000
0000011111111111000
0000000011111111000
0000000001111110000
0000000000111110000
0000000000111100000
0000000000100000000
0000000000000000000
0000000000000000000
0000000000000000000
20 6
000000
000000
000000
000000
000000
000000
000000
000000
000000
000000
000000
000000
000000
100000
110001
000111
010111
111111
001111
000000
9 15
111001111100000
111011111100000
111011111100000
111001111000000
111100000000000
111100000000000
111000000000000
111111100000000
011111100000000
9 19
0000000000000000000
0110000000000000100
0110000001000001111
0001110010000001111
0000111101000001111
0000111111000001111
0000111111110000111
0001111111000001111
0001100111000000111
7 5
11100
11110
11100
01100
01000
00000
00011
13 18
000000000000111110
000000000011111100
000000000101111110
000001111111111111
000001000000111111
010000000000101111
011001000000000000
111011000000000000
111111000000000000
111101000000000000
111110000000000000
111100000000000000
111000000000000000
11 13
0011111011011
0011111111011
0111111111011
0011111111011
0001111110011
0001111100111
0000101000011
0000000001101
0000000000110
0000000000100
0000000000000
19 18
000000000000101111
000000000001111111
000000000000111111
000000000010011111
000000001101111111
000000000001111011
000000100000111110
000001110001010110
000001100010000000
000001000010000000
000000100001000000
000001000000000000
000001000000000000
000001000000000000
011111110000000000
111111111100010000
111111111111110000
001111111111100000
001111110111100000
18 12
000000001000
000000111100
000000101111
000000010111
000000011110
000000011111
000000011111
000000010110
000000001111
000000000000
000000000000
000000000000
000000000001
000000000111
000000011111
000000111111
000000001111
000000001111
10 10
0000111110
0000111111
0000111111
0000011110
1001011000
1111000000
1011000000
0111101000
0111111000
0011110000
24 22
0000000000000111111000
0000000000000111110000
0000000000001111101000
0000000000111111110100
0000000000111111101000
0000000001000011000000
0000000001000000000000
0000000000000000000000
0000000000000000000000
0000000000000000000000
0000000000000000000000
0000000000000000000000
0000000000000000000000
0000000000000000000000
0000000000000000000000
1000000000000000000000
0101010000000000000000
0110101000000000000000
0011110100000000000000
1111110011100000000000
1111111111100000000000
1111111010000000000000
1111111100000000000000
1111111000000000000000
6 17
11100000011111110
11110000001111110
11110000000111111
11111000001111111
11111100001101101
11101000000110010
23 13
0000000101000
0000001011111
0000110111111
0000000011111
0000000011111
0000000011111
0000000111111
0000000111111
0000000011011
0000000000110
0000000001110
0000000000110
0000000000000
0000000000000
0000000000000
0011000000011
0001000001111
0000100011111
0000011111111
0000001111111
0000000111111
0000000011111
0000000001111
21 15
001111110000000
011111110000000
111111110000000
000111110000000
000111111000000
001111111100000
000111111100000
001111111110000
000011111111000
000101000110000
000011000100100
000000001100110
000000000001110
000000000000011
000000000000010
000000000000000
000000000000000
000000000000000
000000000000000
000000000000000
000000000000000
10 16
1101111101000000
1101111111000000
1000000000000000
1111100000000000
0101100000000000
0000100000000000
0000000000000000
0000000000000000
0000000000000000
0000000000000000
7 10
0000001110
0000011111
0001001111
0011100111
0011001111
0011011111
0001010111
19 12
000001000000
000001000000
000110000001
000011100010
000011110110
000111111110
000011111111
000011111111
000101111001
000010000000
000000111111
000011111111
001111111111
110011011001
000001010000
000000000000
000000000000
000000000000
000000000000
21 16
0000000000000000
0001101000000000
0001010000000000
0001000000000000
0010000000000000
1100000000000000
1111000000000000
1111100000000000
1101100000000000
1111100000000000
1010000000000000
0000000000000000
0100000000000000
1110001000000000
1111011000000000
1111101100000000
1111010110000000
0111000010000000
0100000000000000
0000000000000000
0000000000000000
6 10
0100001101
0100001111
0000001111
0000000111
0000000111
0000001000
20 13
0000000000000
0000000000000
0000000000000
0000000000000
0000000000000
0000000000000
0000000000000
0000000000000
0000000000000
0000000000000
0000000101000
0000001111110
0000001111110
0000001111100
1000011111110
1111011111111
1111000111010
1111110001011
1111111100110
1111111000000
20 23
00000000000000000111111
00000000000000000011111
00000000000000000001111
00000000000000000001101
00000011000001100011011
01001111101010000100000
11100111111110000010000
00011111111110110001010
01011111111111010001110
11111111111110000001001
11111111111010000000000
01111111111010000000000
00010111111110000000000
00000101110111000000000
00000001000010000000000
00000011000000000000000
00000110000000000000000
00000000000000000000000
00000000000000000000000
00000000000000000000000
16 8
10000000
10011110
10111110
00011010
00111111
00011111
00011111
00011111
11111111
00111111
10111011
01011011
00000000
00000000
00000000
00000000
11 7
1111000
0011100
0101111
1000110
0000100
0000010
0011001
1011100
0111111
0111111
1111111
6 5
01111
11011
10101
01000
11101
00001
7 15
010011110000000
110111111000000
100111111100000
100111110100000
101111011100000
100100110000000
110000010000000
12 8
01000110
01000111
00110111
01111111
01001111
01000111
00001101
00011110
00101110
10010001
11000100
11111111
12 20
01000000000000000000
01100000000000000000
00111000000000000000
01010000000100000000
01010000001010000000
01111100010100011100
00111100001100111000
11111000001011111100
11111000010011111110
01110000001111111111
00000000000111111110
00000000000011111100
24 22
0000000000000000000000
0000000000000000000000
0000000000000000000000
0000000000000000000000
0000000000000000000000
0000000000000000000000
0000000000000000000000
0000000000000000000000
0000000000000000000000
0000000000000000000000
0000000000000000000000
0000000000000000000000
0000000000000000000000
0000000000000000000000
0000000000000000000000
0001100000000000000000
0010110000000000110000
0101101000000000100000
1011001000010001110000
0110000101101011110000
0111111011010011110000
1001111101000111111000
0011111100011111110000
0011111100111111110000
18 16
0111000000000000
1111110010000000
1111110011000000
1111111110000000
1111111000000000
1110011000000000
0100000000000000
0010000000000000
0010000011000000
0100001010100000
0000001100100000
0000001001111000
0000010000111100
0000000001111000
0000000001111000
0000000001110000
0000000001111000
0000000010010000
18 21
111110000000000000000
111110010100000000000
010111011111000000000
001111011110000000000
001000011110000000000
000000111110000000000
000000111110000000000
000000011100000000000
000000111100000000000
000000110000000000000
000000000000000000000
000000000000000000000
000000000000000000000
000000000000000000000
000000000000000000000
000000000000000000000
000000000000000000000
000000000000000000000
22 5
00000
00000
00000
00000
00000
00000
00001
00001
00000
00000
00000
00000
00000
01000
11000
11110
11101
11110
11110
11110
11111
11100
18 12
000000000000
000000000000
000000000000
000000000000
000000000000
000000001100
000000000110
000000000011
000000000111
000000111111
000000011111
000101111111
001111111111
000100111111
000000010011
000000000001
000000110000
000000111000
7 7
0111111
1100011
0001001
0011100
0011110
1011110
0111111
19 12
000000000000
100000000000
010000000000
001000000000
010000000000
100000000000
110000000010
111000000110
111000000100
111000111000
000100011110
000000011111
000000001111
000000001111
000000011111
000000111111
000000011100
000000001100
000000000110
22 24
000000000000000000000000
000000000000000000000000
000000000000000000000000
000000000000000000000000
000000000000000000000000
000000000000000001000000
000000000000001110110000
000000000000111111110100
000000000000111111111100
000000000000001111111000
000000000000011111100010
000000000000001111001100
000000000000001111011000
000000000000000110001110
000000000000000100110111
000000000000000001111111
000000000000000000011111
000000000000000000011111
000000000000000000011111
000000000000000000011111
000000000000000000011111
000000000000000000000111
9 8
00000000
00000000
00000001
00100010
01110000
11101000
10110000
11000000
11000000
6 14
00000011111111
00000010000001
00011110001101
00001100111101
00000000110000
00000001110000
16 21
000000000000000100000
000000000000001010000
000100000000010010000
001010011001111100000
011010101111111000000
000101011111001000000
000000011110110000000
000011111111100000011
000011111110000000111
000000111111000001111
000000011111100011111
000000001111100011111
000000001111000011111
000000001010000111111
000000000100000001111
000000000000000001111
21 13
0000000100000
0000000100110
0000001001111
0000000101111
0000000101111
0000000100111
0000001001111
0000001000111
0010110001011
0001110001101
0001110000100
1111110000110
0110110000010
0000001100000
0000001000000
0000000100000
0000001100000
0000001101100
0000000110100
0000000011000
0000000000000
11 10
0000000011
0000000010
0000000001
0000000111
0000001111
0000000111
0000001111
0000011111
0011000111
1111101111
0111101110
13 5
00111
00011
00010
00000
00000
10000
10000
11000
11000
11101
11110
11100
11110
14 9
101100011
011011111
011111111
001111111
011111111
001010111
000000101
001000001
011100001
001100000
010100000
111100000
111100000
111100000
8 17
00000000000110110
00000000000011110
00000000000111111
00000000000111111
00000000000000111
00000000000110000
00000000000011111
00000000000001110
17 5
01111
01111
11011
00001
01100
11111
11111
11111
11111
01111
00110
00000
00000
00000
00000
00000
00000
9 11
00000000111
01010001111
10111011111
11111000001
11010100000
11101011000
11011011000
11100000000
11100000000
12 20
11111000000000000000
11111000000001000000
11111000010111100000
11111101111101100000
11110100111100000000
11111001111100000000
11101011110000000000
10010011110000000000
00100111101000000000
00101111100110000000
00001111000000000000
00011110000000000000
17 8
00000000
00000000
00000000
00000000
00000000
00000110
00001111
00001111
00011111
00111111
11111111
11110111
00000001
01001100
11111100
11111100
11111100
8 16
0111110001000000
0111111011110000
0011110011110000
0110101011100000
0010000011100000
0010000111000000
0100001111000000
0100011000000000
23 20
00000000000000000000
00000000000000000000
00000000100011100000
00000001110111111000
00000000111111111100
00000000101111111100
00000000111111111110
00000011011111111110
00000011011111111111
00000000101111111111
00000000011111110011
00000000011011111100
00000000010111111000
00000000001011110000
00000000000101111000
00000000000010110000
00000000000000000111
00000000000000000111
00000000000000001111
00000000000000001111
00000000000000001111
00000000000000000111
00000000000000000111
24 9
000000000
000000010
000000110
000001101
000001111
000010011
000011011
100001100
110000000
111111110
111101110
111110011
111000000
101000000
110000000
010000000
000000000
000000000
000000000
000000000
000000000
000000000
000000000
000000000
22 7
0001111
0001111
0000111
0001111
0001111
0000000
0000000
0000000
0000000
0000000
0000000
0000000
0000000
0000000
0000000
0000000
1000000
1110000
1111000
1111000
1111000
1110000
9 9
000011110
001011110
001001101
000100111
001110111
101110010
111111000
111111100
111111000
5 11
00100011111
10011011111
01010111111
11000111110
11110010001
6 9
110000000
000000000
011000000
000110000
001110000
001101100
8 15
001010000001000
110011000011100
111110001101000
111110001111000
111100111111100
111100000011100
111100000000100
111110000000000
8 13
0000001100000
0000000100000
0000111100111
0010111000011
0111111011011
0011111110011
0001111110111
0011111110111
10 19
0000000100000000000
0000000100000010001
0000111000001101011
0011110100101110111
0100111100011111111
0110111100101111111
0001111101111111111
0001011100010111111
0001111101111111111
0000111100111000101
6 18
111010110111110000
111111100111110000
111111001111110000
111111000111110000
000111101110000000
000001101001100000
18 6
000000
000000
110010
111101
111110
111100
111000
011000
001100
000000
000000
000000
000000
000010
000011
000111
001111
011100
9 15
000000000000111
000000011101111
000000111100111
000000011110111
000000001110011
000000000110100
000000000110000
000000001111000
000000011101000
19 9
000000000
000000100
000001110
000011110
000011111
000111111
000011110
000011110
000001000
000011000
000011100
000010000
000000000
000000100
000001110
000011110
000111110
000111110
001100111
12 11
00000001100
00000010000
00000100000
00000011000
00000111110
00000010111
00000000010
00111111000
01111100110
10111111001
01111111100
01111111100
18 12
000000111010
000001000111
000000111111
000000000111
000011011111
011100101110
010000010000
000000100000
000000000000
000000000000
000000000000
000000000000
000010000000
000111000000
001110000000
001111000000
011111100000
011111100000
23 10
0000000000
0000000000
0000000000
0000000000
0000000000
0000000000
0000000000
0110000000
1001000010
1001111110
0001111110
0001111111
1011011111
0110011111
0000001101
0000000011
0000000000
0000000000
0000000001
0000000111
0000000011
0000000011
0000001101
6 9
000000111
000110111
000100111
111101111
101101011
000000000
6 18
100001101001101100
010011111101110100
101111101101100000
111111110100000000
011111111000000000
011101111111000000
23 11
00000000000
00000011000
00010111100
00110111110
00011111101
00011111111
00001111111
00000111111
10100111110
01101111101
00010111110
00001111100
10000001000
11000000000
11000000000
11100000000
11110000000
11111010000
11111100000
11111000000
11111000000
11111000000
01110100000
7 5
01111
10111
00011
10100
10001
11111
11110
8 11
11100000000
11100000000
11000000000
11001100000
10011000000
00100100000
11111010000
11111100000
9 13
0000000000000
0000000000000
0100000000000
0110000000000
1111110000000
0111100010111
0010100101000
0000001111111
0011111111100
8 9
110111000
110010011
011000111
101011011
111111001
111110000
111110000
001100000
17 17
00000000000000000
00000000000000010
00000000000000111
00000000000000110
00000000011001000
00000000011010000
00000000011001110
00100000101111111
01110000011111111
00110100111111111
00001100001111111
01001010000111110
01111001000111000
11111010100101000
01111111000010000
11111100000000000
11111111000000000
6 9
111110111
111110111
111000111
100000010
000000000
000000000
11 16
0101111110000000
1001111110000000
0111111110000000
0011111010000000
0111110000000000
0011110100000000
0010010010000000
0000000011111000
0000000011111000
0000000111110100
0000000011111100
19 6
111110
111110
101111
000111
110001
111000
111100
111000
010000
000000
000000
000000
000000
000000
000000
000000
000000
000000
000000
20 18
000000000000000000
000000000000000000
000000000000000000
000000000000000000
000000000000111000
000000000000111000
000000000011110100
000000000111110110
111110100111111110
111111101111110100
111110100111000000
111101000100000000
111111110000000000
111111110000000000
111110000000000000
111100000000000000
111000000000000000
111000000000000000
010000000000000000
000000000000000000
8 23
11110000000000000000000
11111000000000000000000
11111100000000000000000
11000000010000000000000
00011100110000000000000
01011110101000000000000
00111111110000000000000
00111111100000000000000
6 20
00000011011111101000
00000010011111110000
11110010111111110000
11111100111111100000
11111110001111010000
11111100000001000000
16 5
00000
00000
00000
01110
10100
11110
11110
11101
11111
01111
11111
00111
10110
01100
00001
11111
16 5
00001
00011
00011
00111
01111
00111
00111
01000
11000
00000
10110
11111
11111
11111
01111
10011
6 11
00111101100
00111111110
10111111100
10011111011
11000111100
11101001100
6 6
111111
011110
001110
101111
101110
101100
9 24
000000011000000000011111
111001100000000000001111
111101100000000000001111
111101100000000000001011
111111110000000000001111
111111111000000000001111
111111111000000000000000
111111111000000000000000
101111101000000000000000
10 8
00111100
11111100
11111100
11111110
11001100
01111001
00000011
01111111
00111111
00111111
15 20
00000000000000000000
00000000000000000000
00000000000000000000
00000000000000000000
00000000000000000000
00000000000000000001
10000000000000000011
11011000000000001111
01101110000000001111
01011101000000011111
00111101000000111111
00111111100001011111
00111111000000001111
11111110000000001111
01111110000000001110
15 20
00000000000111111100
00000001110111111110
00000001001111000010
00000000000000011000
00000000000011111000
00000000000011111100
00000000000111111100
00000000001111111110
00000000001111111110
00000000011111110000
00000000000111111000
00000000000001101100
00000000000000100000
00000000000000000000
00000000000000000000
14 9
111000000
111000000
111100000
111110000
111111100
111111000
111110000
111111000
111101000
101001000
000110000
110000000
111111000
111110000
8 19
0000000001100000100
0001000011110000110
0000101111010000111
0000111111100000110
0001011111100010110
0001111100100111111
0001111100001110011
0001111000001000011
10 11
11111000000
11111100000
11111110000
11111110000
11111100000
11111101100
11111001110
01110011110
00010011111
00010011111
22 19
0000000000011110000
0000000000111111000
0000000000111010000
0000000000111100000
0000000000010000000
0000000000001110000
0000000000001110000
0000000000000000000
0000010000000000000
0001111000000000000
0011110000000000000
0010000000000000000
1110110000000000000
1111010000000000000
1111100000000000000
1111110000000000000
1111100000000000000
1111100000000000000
1011110000000000000
1011110000000000000
0110000000000000000
0010000000000000000
10 13
0000001011100
0000010101111
0011000001110
1100101001110
1101011000000
1111110000000
1111111000000
1111101100000
1101110000000
0011100000000
20 9
000000000
000000000
000000000
010000000
010000001
011110110
000111110
000000000
001111100
001111110
001111111
011111111
011111111
001111111
000011111
000001111
000000011
000000000
000000000
000000000
