20
5 9
011001000
111110111
011111010
001111100
000111101
7 7
1000000
1101100
0101111
0000111
0000110
0000000
0000000
8 7
0000111
1100011
1100111
1010001
1111100
1111110
1111110
0111110
5 9
101110000
011111011
111111101
011111100
001111001
7 9
000000010
000000010
000100010
000100110
010111111
110011111
010001111
7 9
110111111
110011111
110110111
110001011
110001110
011000101
000000001
7 8
00000000
01011101
01101111
01010111
00111110
10101110
10000110
6 7
0001011
0110010
1110111
1110011
1111000
1111000
8 7
1110000
1111000
1100010
0001110
0111110
0111111
0001111
0001111
8 7
0000111
0000111
0000000
1000111
1101110
0011110
0011111
0001110
8 7
0000000
0000000
0110000
1001000
0011000
1011011
0110011
0010111
7 9
011111000
001110100
100000000
111110000
111111000
111111000
011110100
5 6
011111
011110
111100
010001
000111
6 9
110000110
111000111
111110111
001010111
000100111
000001111
9 7
0000000
0000000
0000000
0000001
0000111
0001111
1100111
0110111
0110010
6 9
010010000
000001100
000000100
000000010
000000010
000000010
5 6
000011
100011
101011
111000
110100
5 7
1111100
1110110
1111110
1111100
1110101
8 7
0000000
0001000
0111100
0011110
0111110
1111111
0110000
0000110
7 5
11100
10000
10100
00110
01100
11111
01111
