1000
11
24 1299
29 9491
34 4449
38 7464
40 8446
44 2409
46 7773
48 6535
53 6365
57 960
59 4100
9
57 6070
60 9773
65 2289
70 5440
72 8136
77 9810
80 4928
81 965
83 8848
9
7 1201
8 9917
10 5874
14 6624
15 9683
17 2102
18 8222
21 1506
24 5714
9
69 2447
74 6882
79 5622
84 7311
89 5338
93 7746
98 2881
101 8273
106 4594
9
7 3597
10 5867
13 6821
16 1564
18 6163
23 683
28 6227
32 2406
36 9892
8
0 8211
2 7742
7 8143
8 323
13 5036
17 5047
20 8172
22 9272
2
27 5812
32 5291
4
11 278
16 617
19 6802
23 2662
10
93 3111
98 958
100 371
103 4134
105 4319
110 8359
114 3266
116 3828
121 8974
123 2583
8
18 5233
23 6815
24 5158
25 1407
26 7192
29 3529
30 478
31 8643
3
66 9499
70 9635
73 3403
8
47 5536
50 8489
53 948
58 7131
61 4720
65 1801
70 7363
71 990
7
19 6745
21 544
22 3233
24 4942
25 3726
30 7272
33 911
4
0 4396
3 9466
6 3109
8 8808
5
68 9596
73 9613
74 8246
79 8669
80 6093
6
95 4272
100 292
102 5974
105 6294
109 5003
111 1453
4
14 3611
15 5962
19 7473
22 1705
6
78 1074
81 4432
83 7986
84 6125
88 4363
89 9885
11
35 7315
39 6696
44 2644
48 5651
52 8468
53 8486
55 8122
59 2829
61 1365
62 696
63 2007
7
71 5439
72 1276
77 7993
82 5929
83 4529
87 2511
89 6173
5
51 2412
54 6122
58 8790
63 8364
64 9537
2
58 5960
61 8385
10
23 1121
27 4801
28 6455
30 6113
34 2674
39 2770
44 5509
45 3444
48 7844
51 8681
9
24 9451
28 6844
33 9466
35 9321
40 3871
42 1740
43 7507
45 5645
48 6296
10
25 660
28 5201
33 6179
37 4537
41 2271
43 7651
48 9992
50 917
54 6385
59 9309
8
0 7974
1 5858
5 1618
8 1608
9 6626
13 3573
17 2682
22 4511
5
11 1767
15 7634
17 8508
21 2898
24 1972
11
49 210
52 4084
57 7275
59 8181
60 6416
65 4100
67 1314
69 9616
73 7184
76 1614
81 4820
6
52 1263
57 5752
61 5697
63 4102
66 1874
68 4706
5
7 2242
12 5560
14 9295
16 2566
19 6236
5
32 5126
36 1341
41 4551
43 6798
47 9116
10
28 2923
29 9541
34 6768
39 45
43 7023
47 8302
50 3729
53 6180
57 800
59 5029
3
14 7672
19 9149
21 2143
9
3 4510
8 6074
11 5676
16 7178
21 9527
22 2691
24 2133
29 1331
32 3954
3
15 3212
18 9400
20 5353
8
80 9701
85 3616
88 6677
91 4029
96 8244
100 940
101 3973
105 9561
6
1 3784
2 2931
5 931
8 880
10 6098
13 9629
11
62 8148
63 479
65 9232
66 7012
69 3018
70 9358
74 6831
79 6807
81 267
85 1040
87 6711
6
31 3520
33 9099
35 6597
39 7281
42 5584
43 4331
5
10 5271
13 7303
16 3835
18 4491
23 6218
11
35 2789
38 8055
39 2917
40 3716
42 2439
45 5647
50 2458
52 8297
55 5137
60 8398
61 6752
3
43 81
44 8178
45 1569
5
36 562
38 1510
42 9912
47 6858
51 9739
9
54 2045
56 2852
59 8700
61 72
63 5211
65 4385
68 5110
70 5351
73 8660
3
31 1008
32 9193
37 7605
7
58 7465
63 2440
68 7658
73 6918
75 3026
79 531
82 5868
10
76 1622
81 9288
82 8174
86 203
89 1918
90 9624
95 5861
98 4758
102 5708
104 709
10
28 2621
33 6896
34 8257
37 5694
42 2971
45 5822
48 5529
50 5599
54 1942
56 1592
2
91 9463
94 9531
8
4 173
5 2005
6 4888
10 1189
12 6462
15 9143
19 9283
21 6008
6
75 1943
76 7113
77 920
80 3558
81 3901
83 4641
8
67 9148
70 8098
73 3411
77 4625
82 5463
85 5718
87 6230
90 117
6
84 2483
87 149
88 248
92 1130
94 231
96 4429
9
83 6594
87 3370
88 6211
93 7861
95 2538
96 1158
98 3946
100 1284
101 7865
4
82 5448
84 5249
87 8916
88 3317
6
97 3596
99 653
101 3744
104 7153
106 3267
107 6273
10
43 4546
48 125
50 7471
53 835
56 7141
60 952
64 2719
67 3379
71 9132
73 8356
3
47 6091
52 4517
56 5733
2
95 6999
98 6888
6
55 9229
57 1208
58 777
62 5459
67 2383
70 1210
7
30 5225
33 2101
38 6136
41 9905
46 622
47 9398
50 402
9
53 2307
58 4685
63 77
68 3499
70 3160
73 4546
75 4496
79 4835
82 8810
5
88 7217
93 9764
98 4118
102 5822
104 9946
2
56 4442
57 626
5
11 4890
13 3098
16 355
17 4632
19 223
11
62 3722
64 7665
65 2612
66 4951
71 767
75 5061
78 3335
83 8099
86 1602
88 3898
89 6101
11
61 9762
65 5237
68 2068
73 3719
78 8962
83 4348
88 4120
90 6233
94 1528
95 677
98 8187
7
51 6273
53 7309
55 7055
57 756
60 8062
64 7422
67 9963
5
96 2707
100 2091
104 865
108 4399
110 2955
5
52 1242
54 2570
57 774
61 3567
65 5776
6
77 117
80 601
85 6374
89 8678
91 7957
94 1190
9
11 1657
13 935
18 1764
23 1170
26 5061
28 7140
29 5451
30 5442
32 7870
7
80 4348
82 2614
83 1754
88 1327
91 9617
92 3205
94 3739
5
45 4994
46 4072
47 2682
52 9007
53 1326
7
22 83
26 9330
29 909
30 8010
35 2070
40 6373
45 5821
3
99 4709
100 9393
103 2311
4
60 8531
64 3535
68 6555
72 1018
5
47 6578
48 7237
52 1551
55 2676
57 4464
10
79 5819
83 8900
87 5094
92 4822
94 3019
97 9057
101 8828
104 4396
107 5414
108 7025
11
7 28
12 4893
13 777
15 9686
16 884
18 8051
19 8682
22 6351
23 4699
27 1451
29 6588
9
1 5039
3 9902
7 2538
9 3471
10 662
14 9974
19 8404
24 2061
27 865
8
57 7181
59 8911
62 5020
64 7509
67 3335
71 978
73 964
76 3489
11
12 4763
17 7048
20 8868
21 9757
24 3571
26 6221
30 2153
35 9840
40 4727
42 4551
47 9097
9
71 911
73 3673
78 414
83 6573
87 678
90 5804
95 9150
97 6151
98 2225
10
58 233
62 9694
67 4489
72 9584
73 8443
77 818
81 7523
82 6825
83 1572
85 4255
2
8 4463
12 9091
9
53 3307
54 6652
55 4327
60 358
63 371
66 3613
69 7641
73 5052
76 7776
7
80 2077
81 8492
85 6163
88 3608
93 6163
96 5924
100 6103
5
17 4219
20 9396
23 5399
25 6396
30 4159
3
16 3604
20 4240
23 3533
6
40 4216
41 6195
42 5159
46 8106
47 8719
49 7053
8
43 6279
48 4555
51 7017
52 8024
57 2749
58 4836
59 9382
64 2448
11
22 988
23 7511
26 1811
27 2269
32 8652
34 2829
37 266
40 283
42 2304
44 6536
49 8612
5
29 4694
30 5395
33 2156
35 9398
39 3233
4
57 8999
59 9866
63 1353
67 222
10
7 6946
9 9687
10 421
15 1331
16 482
18 459
23 6045
28 5068
29 203
31 2791
5
57 2195
58 570
62 2250
65 415
66 3878
5
98 5287
103 5834
107 5593
108 2405
113 9270
9
91 3455
93 5563
98 1663
99 6129
100 2485
101 3349
103 2021
106 1097
110 692
3
69 3315
72 7642
73 3020
7
56 2480
61 6993
65 1796
66 7834
68 8947
73 501
74 692
5
79 68
82 5380
87 5617
89 4876
93 9504
8
36 7627
38 4294
40 8450
45 8893
47 9014
51 4066
55 2402
59 4865
2
42 292
45 7547
4
68 94
71 8546
75 466
76 985
8
11 3958
12 5838
15 4194
16 9992
17 4587
22 5505
26 5519
28 2592
6
4 8998
9 8091
11 5989
12 8108
16 4013
19 8499
3
17 7999
19 1975
20 4726
5
8 8554
13 9974
17 8368
19 1730
21 9303
7
50 3488
55 293
59 1242
63 2651
67 9965
72 3283
73 9005
2
88 2715
89 1795
2
55 6983
59 4829
9
10 6686
15 5788
19 9388
24 2892
28 8770
33 4615
38 5673
40 5422
45 5006
6
96 7491
101 360
104 6619
109 8374
110 9718
111 801
3
35 178
40 7682
42 990
3
1 2337
2 2745
7 8592
8
3 2731
4 364
8 8380
11 8528
16 3914
17 9409
20 6846
24 9746
8
83 300
88 3116
93 9010
96 2951
99 1926
103 4814
105 7649
106 2961
8
49 623
51 4126
55 4361
56 9847
58 8788
63 815
66 4292
68 1387
11
39 1919
40 4474
45 4880
49 9400
50 944
51 1151
54 3104
55 4747
57 1319
59 4769
61 595
4
23 2339
24 5643
26 2744
28 4956
11
41 6641
44 6458
45 285
50 8604
53 9330
55 1263
60 8613
65 8906
66 379
67 5739
69 6164
6
57 3139
61 3782
64 3221
69 3511
74 9629
75 5557
8
32 7154
33 2293
34 1146
38 3286
43 9139
47 8281
51 1332
52 5541
7
91 7568
92 3560
94 7172
96 6924
101 8928
104 9354
108 7076
3
52 1571
54 7544
57 4378
3
74 2437
75 8958
79 1407
7
4 6866
5 9544
6 3836
7 2713
11 6628
13 6847
18 3316
3
26 6023
30 6924
33 1951
8
51 9079
52 8965
57 266
62 9953
67 456
71 8389
73 899
77 984
3
2 4106
3 2766
4 7498
8
59 6791
61 9639
65 1259
69 4106
70 9749
75 4005
79 4396
83 211
10
19 8768
23 5166
25 5683
26 557
28 8346
31 7008
32 9764
35 9894
37 7610
40 41
9
36 8401
41 9256
44 3916
45 9015
47 1363
52 6099
56 4546
61 4033
62 848
6
64 7068
69 8413
74 9979
79 6003
80 5394
85 5646
10
37 8818
39 7059
42 9005
45 9599
49 38
54 9173
58 8002
62 1547
63 4131
65 3773
4
96 1657
100 9380
105 3198
110 2478
11
16 943
19 6225
24 731
25 6939
29 4744
33 7391
36 2885
38 218
41 5495
42 2102
44 9885
3
31 9098
32 2899
36 27
6
38 2740
41 9214
46 7936
47 964
52 8812
56 599
3
3 828
4 7345
6 8535
2
11 3116
12 3616
8
26 8241
31 1883
35 7982
40 1938
45 7785
47 1168
48 2224
53 780
9
6 9215
8 8374
11 7215
16 3967
21 8599
23 714
25 6026
30 530
32 7298
7
48 1562
52 7426
55 823
59 1715
61 1294
64 7512
65 5502
5
6 4347
11 7808
16 9444
21 6658
22 7747
5
70 2038
72 678
76 9161
80 8757
84 3399
6
35 7117
40 4674
44 2795
48 258
53 363
58 6710
8
91 4289
95 2166
99 4812
104 1097
108 8191
109 28
114 4950
115 3074
7
51 8641
53 9125
58 1216
62 1648
65 6099
66 6279
70 5036
11
72 9301
73 3094
76 1262
80 2765
83 9960
86 4105
87 4813
91 8820
93 4572
96 5438
97 7926
3
43 376
48 9850
51 8749
2
29 4614
33 991
6
87 7282
90 6076
93 6516
96 255
101 8956
102 8146
2
91 1413
96 4695
6
20 864
23 4682
26 6091
29 3007
30 4744
34 2679
8
97 2812
99 1463
100 8165
102 8743
106 1609
111 9864
113 2699
116 2242
6
60 5647
62 2763
67 5480
68 522
70 2211
72 9766
7
25 5590
29 4010
31 2327
34 451
35 5798
37 4021
39 9588
8
99 9429
101 3247
102 1169
107 5975
108 1864
112 7595
115 8940
120 5326
4
9 5707
10 619
15 2275
20 578
9
43 8397
44 8770
49 8265
53 519
58 6541
59 5610
64 2937
65 4652
67 8721
6
42 3850
46 1448
49 5958
51 7651
55 6304
56 2966
11
44 556
46 9050
50 4253
52 5585
53 8157
58 3584
61 612
66 2488
70 7218
71 878
76 7326
5
67 7691
72 5668
76 1121
81 2322
86 5068
10
91 2258
92 6853
96 7751
100 5345
104 198
108 3517
112 2994
115 1810
120 7263
125 7566
11
4 7391
6 3301
9 7468
12 3803
14 4207
18 516
23 5532
28 1434
30 9166
34 3106
36 1920
9
49 2940
52 6995
55 6101
60 4872
63 1703
65 4379
69 7477
74 5930
77 9147
9
63 8844
67 3216
69 3036
72 6312
75 3774
78 7857
83 4140
88 478
93 7004
4
38 4897
43 8364
46 3785
47 4901
2
90 1509
94 4742
7
76 6685
81 3200
82 840
84 2979
86 6899
87 2577
92 6867
4
47 8325
51 1554
54 6858
58 1349
9
0 1316
1 6918
4 364
7 222
11 5722
12 8626
17 4677
18 1348
19 5682
10
0 2497
2 867
7 4423
10 2426
12 1105
16 5977
19 3750
23 5675
26 386
31 5882
2
74 922
79 3309
3
38 9735
41 8546
45 675
6
28 3565
29 3451
34 7811
39 7787
42 5077
46 8582
2
36 7308
39 2872
11
29 5370
34 8289
36 1124
39 2898
42 2243
47 386
48 2478
53 4727
55 5090
57 2671
59 8870
3
9 6444
12 3205
14 1743
4
35 1246
39 153
44 6580
45 1612
5
71 4364
75 8764
78 6180
82 8399
83 8637
2
46 4153
50 3379
11
51 1602
56 2874
61 3973
65 471
70 5340
73 1642
74 3012
79 9506
81 1027
84 7750
88 5265
9
50 9002
52 7795
54 4804
57 1767
61 899
62 8394
66 7472
71 1497
72 6110
10
9 9878
12 715
17 7405
20 6722
24 4984
28 4800
29 85
32 6674
34 3516
39 812
4
80 5328
85 5858
90 4792
95 9454
7
25 931
27 6122
31 7229
36 9806
37 1198
39 2231
42 5590
3
43 7216
45 763
47 1390
5
63 823
68 8234
69 3423
74 6494
78 6736
2
26 8985
27 4288
6
36 7641
40 9145
41 2214
43 3559
47 9159
51 7996
9
43 8741
44 8323
48 0
50 8514
51 5340
55 5123
58 9230
63 5660
68 9911
5
11 3330
16 6313
17 3625
19 9910
24 6778
7
65 3932
68 5054
69 2425
71 8955
75 4914
79 207
81 3098
3
41 504
42 3113
44 6643
10
84 6529
88 3564
93 6717
94 9675
95 901
99 4286
104 891
106 4794
108 568
113 8670
6
57 9984
61 7097
64 7992
68 3714
72 3443
74 5773
6
36 155
39 8027
40 821
43 9173
48 1733
49 3922
3
81 2756
83 8219
88 9216
6
4 3575
7 387
11 7960
12 9648
16 925
17 1638
10
35 7270
40 6116
44 7886
46 4702
49 5462
54 2761
59 1275
61 7363
63 793
65 2580
9
62 5946
67 9044
69 4700
72 4910
75 8153
77 6847
80 8624
81 1594
86 629
4
26 8241
30 3205
34 2858
38 5913
3
71 7315
72 771
75 2976
5
24 930
27 5013
29 106
34 8097
39 3848
3
34 285
35 6091
36 6504
4
78 2656
83 4916
88 3249
92 5705
11
50 2804
52 1096
56 4864
60 2803
64 44
66 7393
69 9976
74 8774
78 3797
79 5511
82 351
10
2 6127
4 911
7 1887
11 1128
14 5100
15 8388
16 7832
18 204
19 800
20 9844
3
58 1075
62 6714
66 4727
9
47 8179
51 451
53 326
55 6141
58 967
61 5650
65 1842
70 7819
72 7270
3
73 3846
75 8077
78 4152
7
32 4547
37 7344
40 3422
45 8345
47 3724
50 5672
55 532
7
41 5604
42 4523
43 4581
44 3211
47 7793
49 9531
51 5760
6
86 6884
89 9826
94 7655
96 8191
98 9940
100 786
2
42 3658
44 908
2
91 9125
93 5614
2
43 5991
46 7065
9
7 3231
8 9942
10 9769
11 2110
13 7845
17 2460
21 5384
24 90
26 2496
4
65 9324
68 2826
70 2093
73 9595
6
53 6662
56 2183
60 9418
65 2016
66 3903
68 1338
5
85 142
90 4293
94 7516
95 6853
97 4692
5
63 1470
64 1474
67 8332
69 6926
74 9946
10
34 5093
39 7637
41 6885
42 1241
47 1696
48 4124
52 9105
56 9099
60 4517
61 4097
5
95 3621
99 4172
102 9478
105 4974
110 3240
4
5 3150
7 5443
11 5
16 7071
6
17 4190
20 602
23 3540
27 5842
30 2590
33 2423
3
30 7365
32 3349
35 9660
10
38 2534
39 9171
42 1765
44 7616
47 6311
48 3784
52 5727
56 6570
59 9957
63 1191
2
67 2797
71 3016
3
28 779
31 6052
35 1507
2
19 3722
22 7036
8
87 2410
88 8117
91 3613
93 9674
96 1625
99 6643
103 146
104 4655
9
98 2898
102 2870
105 9265
110 3585
113 6984
118 5983
119 7016
124 3462
127 2365
2
79 3591
84 9828
7
51 2114
54 1175
59 7184
61 7604
63 2809
66 3255
68 6377
4
73 4619
74 4003
75 6198
76 8571
9
62 741
63 1393
67 1841
69 5062
70 8714
73 3641
75 8146
77 8189
78 9346
4
7 1874
12 1893
17 1847
20 9013
8
49 973
53 6401
58 6464
59 7808
62 9508
66 2105
71 6119
75 4353
2
98 7776
100 7271
5
0 9918
3 4479
8 2624
9 6434
10 4476
2
54 5501
55 4818
11
95 6177
100 5139
105 7893
106 5005
111 4067
113 3622
117 9279
121 3481
125 4252
128 2102
129 9270
7
38 8536
43 171
44 8023
45 6905
50 3177
54 9563
57 4557
3
60 735
63 4803
68 2656
9
64 1706
66 8507
68 7474
71 8749
72 9096
73 720
77 745
79 2311
84 2514
5
96 8756
101 7333
105 6170
110 7107
112 6613
3
35 7463
36 1139
37 2821
10
50 6142
54 6326
59 7934
60 1094
63 4526
67 2510
69 356
73 7663
75 8753
76 3115
5
31 9654
36 4340
40 1456
41 2812
43 3462
3
32 887
35 6167
36 5418
9
34 8079
35 8167
39 5689
42 3803
45 4264
48 6594
53 8137
57 9566
60 5050
8
29 3570
32 4653
34 995
36 8511
39 100
41 5392
43 2979
46 7931
7
40 416
43 174
46 7141
50 2817
53 8307
58 9414
59 1385
7
6 8757
11 3411
15 7116
19 4345
22 4816
27 3526
30 344
5
44 8173
48 5816
52 201
55 4106
58 6227
3
79 4952
81 4513
85 7073
7
98 2063
100 8340
103 424
105 663
106 9285
109 331
111 3246
4
5 228
6 9284
8 798
12 7763
9
58 9261
60 5131
63 4260
65 251
69 7968
74 6966
79 3744
83 7342
85 9757
5
22 2993
25 5024
29 1101
33 8069
37 5415
7
36 6494
37 6535
40 9967
41 1496
43 1331
46 9157
49 6257
2
98 1853
100 4138
4
43 6528
47 2442
52 8658
57 3813
8
89 3236
91 9446
93 8757
94 8656
97 5708
101 7022
105 2562
110 3810
3
56 1363
57 7103
58 7948
8
33 1819
38 1753
39 7792
42 6575
45 9338
47 2235
49 5740
52 585
6
86 8095
87 6681
89 650
92 8326
95 2373
96 2816
2
14 8331
19 8363
4
35 3429
36 7995
38 793
40 5632
3
55 8425
57 5911
60 7927
5
30 8960
32 8370
37 8168
40 79
41 7857
3
62 414
66 4596
68 9664
3
61 7555
62 1242
66 9068
10
77 4864
82 6975
83 4105
86 3306
91 6304
92 4219
95 3506
99 1247
101 6984
104 6603
6
33 283
37 2767
38 5512
39 2510
44 8492
47 3705
2
56 2162
59 89
11
79 3016
83 6323
86 5198
89 1189
92 4487
95 5619
96 8133
101 2506
103 2682
106 1856
107 1355
2
53 5901
56 5578
5
43 4843
48 8607
51 7154
56 2835
60 2171
10
41 189
45 9453
49 6741
54 4503
59 4318
60 377
62 6153
67 8846
68 1364
72 7381
5
65 3851
68 2952
72 7471
73 8099
77 1437
4
72 3402
74 6448
77 5514
82 2040
6
48 2594
51 709
54 3277
58 720
63 2486
65 254
9
52 4583
53 8879
55 2364
58 1781
62 4586
63 6917
64 2495
69 4635
71 8853
3
97 8246
102 1962
106 1498
2
42 2827
46 1612
4
74 4614
77 383
79 7333
82 9858
7
89 8720
91 2691
92 5454
96 4905
97 9122
101 7154
105 5826
6
31 3600
32 9964
36 8630
37 9901
38 6378
41 4901
3
13 5817
18 6124
19 1457
11
82 4256
86 1536
87 5302
92 2355
97 3668
101 8671
106 737
110 5499
114 2278
117 6803
122 6455
2
16 8798
20 5132
8
22 7317
27 6240
29 967
34 1578
38 4867
41 6938
45 7397
48 4342
3
67 6251
69 6448
74 4492
2
40 2817
44 8361
2
25 2000
28 587
2
7 1031
8 3587
9
86 935
87 4721
89 2167
90 4651
92 1160
97 8989
102 45
105 8461
107 1934
10
6 6302
10 8076
13 385
15 2413
17 6476
18 7655
21 1791
24 4550
29 6811
32 3889
11
54 6138
57 5176
58 2638
62 1263
63 761
64 1640
65 8084
67 1602
70 624
71 2018
75 116
2
19 7888
24 292
8
85 9530
89 8368
92 8944
96 3344
97 7256
98 822
101 456
104 4289
10
18 2302
21 7311
25 7823
29 2946
31 5418
34 7590
37 3893
38 9337
40 8867
42 2789
4
91 3048
93 9453
97 1879
101 353
10
8 9968
11 1904
14 3715
16 13
18 7466
22 2320
24 8166
26 9710
27 7510
28 9652
7
46 8552
51 6054
52 595
53 8294
54 326
57 3557
61 8814
6
79 8158
82 8057
87 9633
89 383
93 2946
95 9538
3
93 92
94 5685
95 3057
2
53 8638
57 8658
2
65 8396
67 503
3
28 6828
32 7573
37 4407
9
31 2165
33 7072
37 2013
38 253
40 9879
45 688
46 4687
48 3009
52 9920
10
67 5370
70 278
73 8183
78 2813
81 7900
84 1611
88 75
92 2823
93 9425
98 6459
8
71 908
72 9836
73 9396
75 7558
77 6863
78 1131
80 619
85 371
11
64 2278
68 1510
73 8346
75 6613
80 4024
82 892
85 5592
90 8705
92 1739
95 6247
100 3917
6
50 974
51 1479
55 3323
57 4804
59 4638
63 3490
5
84 262
89 1613
91 2178
93 3396
96 3280
11
14 9848
19 3892
22 9253
27 4195
29 8113
34 9093
37 5484
39 8855
40 1817
42 621
46 8430
3
81 2168
85 152
87 9724
10
68 9946
73 9688
76 5417
80 6585
81 6131
83 3005
86 4377
91 8642
95 5152
97 1069
5
89 5958
92 7386
97 2202
102 9343
106 2378
6
38 636
42 4386
45 9710
50 9078
53 1908
55 1125
5
54 5339
57 8793
62 4100
66 7190
67 1593
6
85 5713
90 4765
94 2496
99 1015
104 5449
106 8284
7
1 7828
5 6611
6 498
9 7700
12 4077
14 8890
15 530
2
37 3346
40 8135
11
11 5536
16 7167
17 5012
22 705
24 7150
25 5809
26 5129
29 459
34 4027
36 792
38 4391
3
96 8839
101 9770
103 3919
7
56 2966
58 3612
59 1760
64 360
66 1853
71 5488
73 4272
6
81 3185
83 918
88 2814
91 959
92 3530
96 7424
10
35 9131
38 3487
41 5548
43 1567
48 6321
49 8289
51 7884
54 3118
55 9819
59 1851
4
43 5475
45 543
50 4683
52 7252
11
3 1567
8 7489
10 1289
13 987
17 909
22 3079
24 9300
26 3811
29 9803
33 1321
34 2478
9
31 4021
35 9553
39 7780
40 1227
44 1908
47 1802
49 5627
52 606
55 2166
7
97 5862
102 5699
106 9716
111 2907
114 6940
119 867
121 4972
5
42 3222
44 4526
49 7202
50 7991
52 6400
10
65 5881
67 4617
72 4087
77 1618
79 7235
83 5685
84 9763
88 6409
92 415
95 7289
7
81 5860
82 5198
86 5694
91 1313
96 7678
100 4726
105 597
10
47 9692
52 3630
57 2631
60 8137
63 183
64 8627
68 1364
72 2021
75 3105
77 5928
8
24 9187
28 3860
30 3930
33 1942
37 1029
42 6663
43 8363
45 8411
5
88 2660
90 8234
92 7359
94 1847
99 6150
9
68 6169
70 3823
72 5797
74 1221
77 9015
80 5580
83 7506
88 53
93 6943
10
71 7296
75 6362
78 1200
83 9425
88 4812
92 447
96 7089
99 8648
100 9306
103 1770
4
90 7146
93 7101
98 4721
102 6575
10
10 1230
13 5275
18 4144
21 637
23 989
27 1975
28 2277
32 2041
37 1032
40 278
9
70 1666
73 2405
74 2012
79 2615
83 487
88 1886
89 5908
90 8610
93 2928
6
32 8230
34 1900
38 8714
40 9138
41 2835
44 432
11
44 8773
47 9422
48 3917
50 134
52 1843
54 9361
57 9342
60 2312
64 7158
67 185
69 9506
3
68 6404
70 3311
71 7468
8
10 4732
12 6551
15 3241
17 3350
21 4098
23 3749
27 9815
32 1607
8
12 3779
15 6315
19 4801
24 2387
29 5253
34 4149
35 4568
36 178
8
79 4154
82 6824
84 1752
89 9713
93 67
95 1842
99 4180
100 1316
5
18 8094
22 8843
23 750
28 9811
33 7415
11
15 6197
16 4652
17 4115
18 4929
19 2010
20 2533
21 3599
23 7880
27 8617
28 546
29 9240
11
0 5555
1 5618
4 6369
9 1978
10 9560
12 9359
17 1842
19 4920
21 9232
22 99
25 657
11
30 2556
34 9
37 6523
41 934
45 6854
49 3233
53 5279
55 7817
57 3079
61 8814
65 2863
11
88 2942
93 4837
96 2907
99 2353
101 251
105 3308
108 3478
110 3710
112 7084
115 6491
120 5849
9
58 4057
63 6456
67 995
69 9352
72 4892
74 7547
76 2620
80 397
85 8375
10
39 4343
42 4233
45 428
49 9973
54 84
59 7347
63 8533
64 8572
67 7032
70 3243
4
27 3974
28 7889
32 8848
36 4144
11
68 4311
71 5379
75 3824
78 7166
83 1417
85 7978
89 1879
92 1403
93 921
96 9703
97 6828
2
98 4281
100 7636
6
10 4093
11 7421
15 1915
19 8692
21 5985
26 8727
10
25 7208
29 8937
30 2759
31 6278
36 5756
37 3779
38 4287
40 3179
43 1513
48 8754
4
12 3501
15 2141
20 7469
22 6719
5
15 3612
17 3199
22 9342
23 4194
27 2050
4
38 4743
40 5453
43 6243
45 7697
3
29 9193
30 7813
35 5196
6
4 9619
7 3101
11 4638
12 8178
13 2167
14 6887
7
52 1803
57 3241
59 7934
62 2716
67 7832
68 4566
72 2751
10
40 7689
43 6509
48 3274
52 7985
54 3461
57 9612
62 6668
63 1499
65 8520
68 9454
3
65 6464
68 3661
70 2748
4
6 4164
10 8167
13 3276
18 8899
3
29 6408
30 7081
33 2599
8
43 4482
48 9196
51 8475
56 5400
60 6819
65 7264
68 4682
70 8538
2
43 4549
47 382
7
4 3207
9 5017
12 6822
13 763
14 4962
15 6991
20 5072
9
19 2779
22 3578
27 2977
30 7211
33 6914
38 1999
43 1886
44 1258
47 9042
3
86 2314
87 4032
88 8467
6
62 3438
64 7572
69 6836
73 9792
74 5077
78 2503
2
27 3271
32 7751
9
55 1702
56 5003
59 6315
62 8687
67 4186
69 6655
73 3714
75 4476
79 8928
5
10 6950
11 3097
12 2342
15 9427
17 3855
11
84 8461
85 9584
87 1623
92 1575
93 7895
96 636
97 3122
99 5624
104 2474
108 3905
109 2684
4
93 4653
95 4314
98 1886
101 3128
11
86 4987
88 4033
91 6768
94 3514
98 7056
100 1134
102 4307
105 6223
107 43
111 6331
113 7701
3
77 5849
78 7104
79 1361
5
38 7349
40 2559
45 1004
48 8971
52 5784
5
25 3147
30 2321
33 7258
36 8929
41 9117
5
66 7683
70 2150
71 5382
73 6729
77 3006
4
3 9907
7 8269
11 1845
16 5308
3
77 9547
81 5841
86 4258
3
24 4214
28 3535
32 2125
2
80 2344
85 9399
7
83 5723
87 4003
89 677
93 5665
95 1909
96 6880
98 1638
11
99 1145
102 920
105 8010
107 4041
108 3970
112 2841
117 784
122 1592
127 9315
132 3802
136 2021
11
23 658
25 3084
26 9987
31 8957
33 6144
35 176
36 2834
37 9458
39 300
41 4977
43 1497
10
47 7374
48 2561
49 7807
50 2121
54 8261
58 3682
59 1529
62 5662
67 1039
70 8909
5
83 6003
87 1522
89 3263
90 2569
91 8658
3
13 3964
18 3491
20 9753
6
83 5972
86 9365
87 3090
92 1458
97 9543
98 9485
8
88 3873
92 4422
97 181
101 7015
106 7626
109 5307
111 1334
115 832
3
52 9417
55 1204
60 2064
4
13 2435
14 4148
15 5604
16 8095
9
94 7587
99 2247
101 7283
105 5564
106 4473
109 4651
110 2728
115 2630
120 9500
5
82 6080
87 1473
92 3994
96 8271
97 9936
6
45 963
50 7770
53 3924
54 1707
57 9711
60 6734
11
94 9103
97 6709
101 2028
105 8430
109 7950
114 2849
119 9827
120 3941
121 9571
125 2255
126 4604
3
38 5529
39 3629
44 4439
8
20 7524
21 7157
22 1958
24 3746
26 5400
29 3462
32 3519
33 6642
8
55 807
56 2333
59 7954
64 4216
68 9690
70 3500
75 3609
79 8082
10
75 7273
79 8161
80 592
85 8012
86 7483
87 63
89 1003
94 499
95 9594
98 8525
8
1 4072
6 9913
10 477
12 6842
13 2008
17 6595
21 6686
25 9087
10
25 4190
27 2353
30 6726
33 6626
36 1571
37 695
42 7025
43 6500
45 1646
49 1270
6
70 5612
72 6342
74 6733
75 9884
78 989
80 934
9
38 9068
42 7816
44 4826
49 8045
52 6411
55 441
60 4113
62 3681
66 3629
10
34 7187
39 8720
40 5922
44 8369
47 1573
48 5827
51 7996
53 8725
54 1304
59 1908
3
86 2840
87 1288
91 9925
11
36 8701
41 9267
43 4453
47 3467
49 3448
52 497
55 3725
57 7470
61 167
63 3405
67 9662
6
42 707
46 228
51 2483
55 5236
59 9139
60 5106
4
72 3701
74 489
75 7427
76 6335
4
99 7045
104 6564
108 3958
112 7108
4
86 6878
87 2616
90 3266
94 3156
8
96 4633
100 7736
103 8682
107 5297
108 8578
112 8078
115 3656
116 7756
10
72 8605
75 3493
80 3575
85 4773
87 742
88 4296
92 8104
96 6879
99 6732
102 5431
5
22 9835
26 5156
27 1639
31 6997
35 9079
10
15 6273
18 2300
23 9393
24 9761
29 4987
32 5854
35 3729
38 2945
42 3015
47 8739
6
56 3757
60 5830
64 1980
66 7964
69 7180
72 151
6
16 5819
21 3582
26 3608
29 3306
33 7945
37 7331
8
30 4726
35 195
37 9163
42 7258
47 1118
51 4914
53 3712
57 6653
10
94 5996
97 6038
98 2180
100 7309
102 1352
107 6237
110 7858
113 5727
117 7233
120 5350
11
84 4983
89 7743
90 4748
92 9126
93 1086
98 382
99 6598
102 7824
107 2269
111 8718
115 2680
5
87 5282
90 1154
93 6199
97 835
98 1272
11
64 3676
68 8270
70 7553
72 565
75 6105
78 9877
83 1844
85 6266
90 3871
95 312
98 9602
5
27 8281
28 56
29 2607
33 3049
35 7620
7
43 3357
47 5958
49 8068
50 8797
52 4961
54 8987
58 7952
4
68 5728
69 1540
74 6436
76 2903
11
85 5545
90 1207
95 7222
98 3647
102 5100
105 7385
109 2001
110 8336
114 895
116 4360
117 4708
9
76 3023
79 819
82 3039
86 8912
89 5533
90 8974
91 4377
95 3692
98 1514
9
27 669
29 2894
30 2325
34 1953
36 4352
37 6794
39 359
43 2541
47 2171
4
52 3736
54 264
57 8155
58 1343
10
52 2726
57 2522
59 7334
62 7311
66 9967
67 525
68 9655
69 1909
72 8109
75 4078
7
64 3579
68 8708
69 127
71 7205
76 320
80 8180
82 1344
6
16 3977
19 3098
24 2676
27 4663
28 7216
33 3978
7
45 7547
47 2666
49 9044
50 1462
51 3381
52 8720
53 8095
10
13 7824
16 9914
19 9130
21 2769
22 2423
23 4961
26 1312
27 1758
31 5621
36 3199
3
54 5674
58 4212
63 7487
5
49 7115
51 3306
56 5593
59 1158
64 7372
10
41 2039
46 3787
50 3174
53 9920
55 8825
57 9120
61 7560
66 6737
68 7697
70 6832
3
4 9784
7 9865
9 4303
9
42 8154
43 5497
48 8535
49 792
54 2114
55 7137
56 9319
59 6762
63 2910
9
61 3619
64 6046
67 2556
72 1557
73 5584
75 7398
76 1227
80 1813
84 7676
2
67 9577
70 7157
9
2 834
4 5879
7 7738
8 306
9 7055
13 3813
17 371
18 5751
23 7379
4
74 6368
77 2445
82 5016
86 8403
8
61 3209
66 3103
71 6084
74 3979
75 7628
78 8581
83 4745
87 8300
6
1 7023
6 3332
7 4177
8 4809
12 8424
14 8728
9
86 499
91 1190
95 7691
99 1192
101 26
105 8789
110 7275
113 4742
117 6200
9
38 7577
41 9851
43 6455
46 2783
49 2874
53 5699
55 5059
56 6919
57 3859
6
72 6610
76 7544
78 7545
81 2601
83 9834
87 8539
11
10 8976
14 3546
18 924
23 5749
26 6359
30 9708
34 4380
37 5702
42 4829
47 8352
51 5063
4
83 4954
88 7123
89 7625
94 1771
4
50 2633
52 9864
54 8550
58 8560
2
38 4485
41 6791
7
14 7359
17 8226
19 3701
20 9199
24 1067
25 6370
29 476
4
91 3738
92 4101
94 7377
97 5326
6
86 3027
88 7777
89 2684
92 8599
96 789
97 3815
9
9 5626
10 9589
14 456
15 5561
19 5542
22 5662
23 6011
25 1778
27 6651
6
36 8386
37 5941
41 7978
46 5345
48 3837
52 4623
4
93 4115
95 887
99 5469
103 4141
4
1 2819
3 1755
7 2261
10 2301
8
76 5619
77 8604
81 6853
85 1733
87 1788
92 8355
97 8162
98 5749
3
68 1766
70 8953
71 8858
3
35 913
37 974
38 3274
11
25 7510
26 5174
31 6787
32 6840
36 2750
39 2640
42 5627
47 8485
49 3337
52 5932
54 4721
2
91 6288
94 2953
7
10 4682
12 538
14 1793
16 9714
21 3571
24 9695
26 3227
6
64 4797
65 1128
70 2808
73 3728
74 3551
75 5246
5
43 26
44 2943
47 673
50 2544
54 679
3
35 1399
39 9502
44 9061
9
31 6809
36 4566
39 4533
42 4708
47 2355
49 5149
53 5340
55 135
57 2748
4
65 8143
68 6835
72 8666
73 1683
5
14 5137
16 5060
21 6052
23 9117
27 4960
10
22 4528
23 6345
28 7758
33 6546
35 3736
36 8890
39 5616
41 4268
45 9819
49 6719
7
55 9557
59 8952
64 5976
68 9807
73 8452
75 5399
76 9667
7
75 3140
76 9782
80 8696
82 9780
83 4600
86 6324
87 6692
11
48 3201
49 8048
54 9841
56 4793
57 5489
62 1587
64 9489
66 1885
67 8299
72 5038
75 252
4
13 7540
16 2654
21 7103
23 7643
9
33 3978
35 6325
40 3892
42 2524
43 6439
45 8611
46 3394
49 5277
50 5852
5
8 4649
11 5687
15 5600
18 2868
19 3459
11
10 9342
12 143
17 9018
19 8163
23 6676
24 3172
25 9286
27 4189
29 1736
34 3650
37 2476
11
12 2991
15 6827
16 7486
20 5778
22 319
23 4868
27 734
28 3599
32 5233
37 4772
38 9746
9
30 8982
33 4353
37 9424
39 2444
43 9261
46 3308
51 6174
54 6266
59 9434
8
5 7950
8 9879
13 6814
16 8998
21 9077
24 6327
27 586
30 4408
3
84 4891
85 5453
88 2737
3
1 9679
3 7041
8 6516
2
19 9410
23 2741
3
60 7155
65 2450
66 7440
8
50 6783
51 2131
54 6751
59 8726
63 6083
64 8264
67 5186
71 1508
11
49 7663
51 8650
56 1406
60 6109
63 7520
66 4967
68 7944
71 7408
73 224
75 2600
78 7641
10
56 6274
60 3399
64 250
66 3304
70 634
71 1847
72 5807
76 2946
80 7931
83 7555
9
86 4722
91 6204
93 3054
94 6704
98 9938
103 9885
107 4263
109 215
114 1972
7
22 8312
27 3659
32 6089
35 2331
40 7885
43 4053
47 3431
8
41 7747
44 4494
46 7492
50 9360
55 7938
56 5268
61 3803
65 6975
7
60 6316
63 1500
67 6398
68 1546
72 2202
76 6897
80 3477
6
24 2216
28 4387
30 9207
32 5673
37 2111
41 2343
6
63 6535
66 4964
68 9354
71 5020
74 3205
77 2532
11
98 1021
99 5394
103 8573
107 9904
109 3827
111 4269
113 4529
117 455
122 8054
124 927
128 1018
4
45 4502
47 8849
48 4271
49 5084
9
72 9122
75 165
79 4068
81 9759
85 3823
90 3961
91 4986
94 8927
97 4435
7
36 8421
37 1533
42 980
43 8814
45 7890
48 1239
52 7498
8
35 3291
40 7952
45 9560
49 6446
53 497
54 8234
55 2890
56 1970
11
20 1774
21 6510
23 1544
26 311
27 5954
32 9369
37 9050
41 8475
44 4187
48 8281
52 9620
9
85 3096
87 4740
91 1309
95 1833
98 3944
101 6958
104 6644
107 860
109 2524
2
84 5606
86 2826
2
89 8892
90 8007
4
57 4366
61 985
63 2452
64 46
5
47 9818
51 3496
53 9721
54 6365
59 3265
10
21 8790
25 4033
27 8844
30 5031
31 5911
34 55
37 768
42 3477
45 7058
49 108
3
90 7195
94 5881
95 8855
8
90 9791
94 7876
97 9171
99 8671
100 6997
103 9043
106 143
108 8980
9
38 5099
39 5567
43 7176
44 5898
46 1358
51 2557
56 8492
61 7276
66 6270
7
14 7340
16 8003
19 9129
23 2936
26 8168
27 5076
31 5676
9
33 9450
36 1907
37 4243
39 7991
41 4697
46 7228
49 330
52 5790
53 3318
11
38 4818
43 8060
46 5066
48 4519
49 8780
52 2734
54 6163
57 6090
61 4498
66 1853
67 4240
2
0 8364
5 5437
9
74 7389
79 5283
83 3184
84 786
87 5965
92 8223
96 208
101 7592
102 4126
11
30 1448
31 6268
35 2639
38 6298
40 4031
45 4728
47 7333
48 2393
51 1314
56 1123
60 8900
4
86 3572
88 9027
90 9661
95 2380
5
64 7498
65 6051
69 1589
74 5862
77 3145
4
76 3131
77 2134
79 9180
82 5399
11
26 7524
30 1901
34 5580
35 5126
36 6311
41 4956
42 9110
46 546
49 6594
54 1995
55 2302
9
69 5480
73 5729
75 7247
77 7289
82 4733
85 5382
88 920
89 9816
94 4540
6
14 8654
15 9537
16 2301
18 2506
20 8891
21 6851
5
14 7491
15 9807
20 6663
24 7066
26 5158
9
22 7511
25 1782
30 9305
34 1278
38 9079
39 7598
42 567
47 3952
50 6668
8
3 4722
8 4656
10 9878
12 279
16 1229
19 4759
20 2139
24 1473
8
60 6249
65 1658
68 1515
70 593
71 9652
75 4761
76 3265
81 3434
3
10 8882
14 601
18 9315
6
42 8652
43 9944
48 9082
50 662
51 6743
55 3340
2
43 6518
47 6404
3
4 3609
7 5005
11 661
8
52 2303
57 1836
62 9344
64 9019
67 2284
68 8741
71 3119
74 7151
5
53 72
54 4309
55 4314
58 4442
61 3940
9
18 174
20 550
24 8793
27 8724
30 9041
32 4686
36 3769
39 9585
43 9074
3
40 1998
42 5937
43 5778
11
48 375
51 4067
55 2900
56 6614
57 5337
58 9750
63 1955
64 1770
65 6723
70 2525
71 7187
10
63 1867
64 2287
68 1581
72 634
76 3020
78 6350
82 298
87 331
89 3760
91 5027
10
68 6671
70 8176
71 4384
76 6220
78 7630
81 5925
83 9316
88 1068
93 6878
96 2270
7
81 1257
86 1421
91 1152
92 3664
93 9488
97 750
98 3846
11
9 2823
11 7258
12 6838
16 2589
17 1232
21 3252
22 6077
26 6516
30 2540
32 8203
34 4865
5
21 3567
26 2289
27 1967
30 9960
34 5251
8
33 9739
34 6303
39 5518
42 3447
46 245
50 4907
51 7177
56 9445
6
24 6360
25 593
30 6450
31 4299
36 848
38 7522
9
80 53
82 5122
87 2893
89 6124
94 3454
95 305
97 9546
100 2976
101 3210
4
3 9287
5 7526
8 8555
13 8898
10
88 1575
92 3108
97 8132
99 8421
104 7956
106 7516
111 7209
116 9550
119 2208
122 909
10
12 6561
15 333
16 5011
18 2656
23 9320
25 5601
30 1506
31 3597
35 868
39 7424
9
86 8273
90 6172
93 734
94 5760
97 7093
102 2826
107 5767
112 5873
116 1706
6
42 6916
45 9049
47 6400
52 6619
54 6204
56 744
5
30 2752
31 5930
36 7142
38 9646
39 4811
2
57 2747
60 4382
6
89 8189
93 8037
94 7838
99 1461
102 565
104 6480
8
30 2273
33 1221
38 380
43 7622
47 4295
50 6026
52 6240
57 5707
2
77 9395
78 2039
6
46 7128
48 3677
49 8154
54 4105
59 6005
62 5998
6
85 5801
89 4297
92 8446
97 9941
98 658
100 4638
6
61 202
63 3559
67 1348
71 4153
76 3329
78 2478
2
85 7982
86 3441
10
27 6168
29 5905
30 7825
33 1871
36 844
41 1408
46 3381
50 9422
54 2472
57 5437
11
7 6756
10 9024
12 3814
17 6185
21 5449
22 545
23 5769
24 1590
27 1830
32 549
34 3091
4
32 9720
36 801
39 2713
41 5978
9
57 5631
58 5785
63 9309
67 7047
70 2968
71 3081
75 9554
77 2139
78 8194
3
57 7915
60 3449
63 1422
8
55 2975
59 7642
62 7603
65 1968
68 127
70 95
73 923
74 7922
10
50 2911
51 7356
56 5325
60 9821
62 4126
66 9451
67 1100
69 8419
71 5883
74 2109
10
83 9564
85 5029
89 5075
92 2490
93 3962
94 9335
96 7342
100 9506
104 3613
105 9806
9
65 7403
66 4133
68 3066
73 5348
74 5675
77 2642
78 6036
80 2641
83 5898
11
33 9894
38 8630
39 7160
43 7166
45 8516
50 6909
53 9986
58 7246
63 7887
68 619
73 7518
9
68 5659
71 3019
76 8592
78 1775
81 5115
84 7538
88 3825
90 8670
93 911
6
67 6495
72 3774
75 8019
79 6917
80 685
82 9652
4
90 7247
92 9557
94 9243
95 9037
4
2 7590
3 920
6 9815
11 5063
6
95 2256
98 3491
102 2746
104 7533
109 8713
110 2080
5
2 9398
4 5211
7 9133
8 2404
11 9488
7
30 5027
32 5861
35 8952
38 1411
40 2248
44 7486
48 571
11
41 7442
42 2559
44 997
46 9948
51 2676
56 6383
61 4309
62 6032
63 3393
67 4558
71 6973
4
64 3044
67 5885
72 9600
74 5071
2
68 7266
69 5175
2
29 533
31 6753
2
38 90
39 5055
2
63 9058
65 2422
7
56 9378
57 8993
58 8684
59 1115
61 3653
63 3269
64 3716
6
45 9928
46 6083
50 3616
54 8515
57 61
59 3813
6
40 8153
43 5193
44 5304
49 3238
50 1767
53 7667
5
61 7437
65 3000
66 9131
68 4853
72 5132
9
19 7401
21 8968
23 5211
25 704
28 9385
32 8672
36 756
38 643
39 2342
11
30 7560
35 3167
36 2509
38 5465
40 8878
43 757
45 5491
49 5873
52 8388
54 3643
59 8495
11
21 8488
25 7849
29 7836
33 2605
36 5526
41 1011
43 4968
47 4900
51 8997
52 5449
55 8445
3
59 9494
60 2939
65 4386
6
66 4165
71 5398
72 4748
76 820
81 6575
86 9065
9
2 1423
5 5851
8 5908
10 2629
12 708
14 5560
18 1214
20 6847
24 8754
3
33 3594
37 1356
40 2000
5
56 327
58 5501
59 4831
60 6916
64 7067
7
78 8863
81 8102
83 2257
85 5093
89 2597
94 9049
98 7835
3
97 499
99 948
104 753
9
26 8648
30 4629
32 5768
35 2493
37 6365
38 7909
41 66
42 2484
45 8717
8
61 2526
64 1450
69 7641
71 1618
75 1529
76 3688
80 7948
82 5718
3
61 9094
66 5173
71 4
6
50 4254
55 7105
58 5398
62 7286
64 1538
69 4843
11
22 7969
24 4703
27 9020
31 1505
36 2017
40 1658
44 7335
48 2970
50 4093
55 6694
58 8151
9
83 7561
84 7669
86 3234
91 9587
93 224
98 7704
101 1981
103 2585
108 9595
9
62 8788
67 78
70 2240
72 4218
73 8905
76 2809
80 9375
83 816
85 277
9
18 7672
23 6239
26 1381
27 4452
29 2604
31 8876
35 6170
36 2461
39 3301
6
44 7168
46 9844
47 1546
48 6496
50 440
52 8353
11
16 1390
17 7148
20 1232
24 9465
29 5728
31 3556
34 6893
35 524
40 7804
43 8361
44 5851
9
48 8175
51 7703
54 65
58 1702
59 3138
60 2115
65 6380
68 9115
69 9234
4
41 4231
46 449
49 373
53 9801
4
93 23
97 5086
102 7691
107 4648
3
60 5465
63 9477
67 4953
11
82 3720
83 522
88 4946
89 1427
91 5539
93 8536
97 7642
98 9996
100 4864
103 1126
107 1554
6
51 4737
54 5176
56 7698
57 2295
62 4540
66 6085
3
57 3014
60 7571
64 4872
9
40 57
42 6870
46 1954
50 9636
53 4505
58 4020
59 291
61 3106
66 8181
8
90 9051
92 1344
95 9189
98 5508
103 5648
107 694
109 2351
112 750
10
67 5017
69 9337
74 5339
77 752
79 8782
82 7820
86 9152
87 5193
90 3556
94 9681
7
25 8656
26 9724
29 9087
32 5731
35 3218
37 5945
40 3952
8
53 1281
57 1106
59 9189
62 9498
64 4056
66 9860
67 3286
69 1740
9
51 2028
52 316
56 7833
60 2174
63 8828
64 4771
66 7797
67 1317
72 2578
2
21 1965
26 5551
2
2 6298
7 8059
5
15 4512
16 1366
20 7680
25 7939
29 1216
9
24 1297
26 8115
29 8514
33 2057
35 9054
40 2328
41 1848
45 906
49 92
6
21 2234
25 4801
28 7035
32 8383
35 6367
37 3825
6
83 2068
87 6187
88 8060
90 7176
91 878
96 7548
9
69 6130
73 6696
74 5182
76 7301
79 1779
80 4547
82 8642
84 54
86 6867
2
80 1274
81 4992
10
20 5551
22 4161
23 9029
27 2048
32 5367
33 3389
35 9955
38 6341
41 7290
43 2896
6
51 9039
54 2381
56 4103
57 6022
61 8453
62 7816
6
67 8151
70 6200
72 7202
75 2515
77 1554
82 4259
2
23 9458
28 1769
10
14 2025
16 6979
19 1182
20 5441
23 6743
28 5919
30 351
33 8921
37 5498
42 5545
10
88 2954
93 1213
98 8288
103 9095
106 4528
111 9911
114 3847
119 2527
121 7648
125 9441
11
26 2674
29 5147
34 1595
37 1072
39 4264
42 2484
47 4209
52 7881
56 6191
61 5570
64 2437
11
93 7200
97 6984
102 1334
107 3960
109 7777
113 2669
114 7189
115 6252
117 1555
120 9573
122 4594
11
49 1334
51 1966
56 3971
61 4354
65 3007
68 1089
69 4791
73 5398
76 429
78 4632
82 5519
7
91 532
96 3085
99 3357
102 3629
104 8481
109 2064
111 431
2
37 4490
42 3783
8
71 285
75 9
77 9389
81 7590
83 974
87 2072
90 2844
95 5449
4
43 4195
47 378
48 8889
52 7947
8
85 5673
90 7466
92 2866
95 2833
100 9629
103 2244
108 3987
113 1359
6
40 83
45 6183
47 8729
52 3683
55 5162
60 375
10
62 6631
64 1010
66 5102
67 6418
70 6498
71 2116
73 540
74 3613
77 34
79 295
11
62 5881
67 7039
70 7382
73 7990
74 5758
76 9006
80 4569
83 6693
87 2340
88 6848
92 3470
7
99 4300
101 344
106 9801
109 7154
111 2199
115 9791
116 6544
5
21 3908
25 849
30 5988
32 6191
34 8957
11
76 6577
81 9286
85 8583
90 5397
91 4567
95 2617
98 6243
101 4661
102 7834
105 1238
106 1537
11
80 9859
82 9464
84 6625
88 4371
91 7662
94 2590
98 556
99 9598
101 8214
106 574
107 6654
4
24 8213
26 1642
27 7758
30 4193
3
83 9771
84 9933
87 4820
7
38 4005
41 3695
46 746
50 4868
54 519
55 6372
57 9189
5
64 1154
69 6282
72 6931
76 7272
81 5836
10
62 7845
63 4648
68 346
73 2185
76 3161
79 8162
82 5121
83 2152
85 7209
89 4120
11
39 8961
43 3820
46 356
48 8474
51 9526
56 262
57 7276
62 5501
66 3728
67 1711
72 9445
4
61 8377
65 9651
66 7187
67 7012
8
57 7787
59 9118
60 297
63 8936
66 3189
67 274
72 7918
74 2090
9
14 4083
15 8744
17 1122
21 4734
24 2205
26 4582
27 172
31 2498
32 8394
3
68 1702
69 7190
74 1789
9
46 1473
51 8268
53 6965
57 8275
58 4453
61 6001
63 5862
66 7961
69 1477
6
38 5539
42 7844
44 271
49 5616
52 567
57 434
8
79 8322
84 9118
86 8529
90 2292
94 7062
99 321
103 2884
108 5483
10
1 467
6 178
7 8090
11 9510
16 3227
20 8464
23 5080
24 3728
28 3164
33 1751
8
8 4282
13 7775
17 9764
21 6316
24 8952
27 4169
28 780
29 5921
3
98 717
100 3530
104 6277
8
47 4885
50 9784
55 9810
60 9315
61 3050
66 4771
69 3567
71 8242
4
35 4141
40 2172
42 4212
43 1327
6
39 2328
43 4414
46 3635
50 3183
54 8581
59 7372
3
23 8194
26 8047
30 9311
11
91 2891
96 9457
101 7489
106 5670
111 9420
112 4937
117 4463
122 7595
126 640
128 5941
129 4809
6
33 71
35 5200
38 605
42 6655
43 4063
46 3741
5
70 3739
73 3872
76 8293
80 1992
84 6404
6
2 1859
4 8779
7 1119
12 3860
15 7630
17 1080
8
69 3789
72 4169
76 9378
81 6612
82 7754
87 9571
90 4228
94 1814
11
86 8259
87 7839
92 2
94 7629
98 1570
99 6225
103 4190
106 5910
108 555
110 1545
111 5717
8
23 4642
27 2003
30 6015
31 3127
35 3078
36 9709
40 3720
43 9258
6
8 2690
10 3510
12 6998
16 2584
20 9422
24 9222
8
71 6560
72 5927
77 5796
78 2024
79 6144
83 5420
85 9481
90 4750
8
42 4666
46 1014
47 1663
49 405
50 852
55 8336
57 3625
62 7673
11
38 7276
42 8090
47 117
52 2421
57 9920
60 1423
65 9348
70 5563
71 8939
75 9611
77 5481
3
68 5933
71 1605
75 8534
9
89 9477
93 7990
94 6905
98 6873
99 1017
103 565
107 6195
112 4094
115 2608
3
15 9537
17 6144
21 9667
3
23 4440
26 2215
27 7634
4
24 9686
29 795
33 6379
35 5493
4
18 9311
22 7993
27 9552
31 3309
3
45 9823
48 2959
51 2107
3
54 2057
58 7805
59 6716
7
37 1966
41 3991
42 1069
47 4460
51 3241
54 3465
59 6863
10
31 4790
32 9478
34 8276
38 1574
39 6029
43 9598
47 3492
48 8972
52 2204
55 935
7
39 7461
40 8154
44 2352
45 7042
47 9853
49 1010
50 281
3
46 7280
47 2437
51 3628
11
10 8416
14 2587
19 6661
21 7231
23 9754
27 5144
28 4341
29 6774
30 6704
35 6456
37 7569
3
46 2332
47 8958
51 9188
5
45 8364
47 3565
48 8708
52 6204
56 7217
3
88 7524
89 1781
94 1327
8
87 5493
90 6722
92 6202
96 3951
97 724
99 6597
104 5841
109 9225
2
17 318
18 9001
7
48 970
53 3018
56 7262
60 1279
61 9456
63 6952
68 7488
5
16 9545
19 3516
22 8371
26 9335
28 3138
3
57 8075
60 2193
63 4832
11
77 541
82 5562
84 7502
86 5218
88 9191
89 3301
91 2840
95 1916
99 4098
103 9458
108 4786
10
51 4290
55 4964
56 9164
60 3317
63 9438
66 4872
71 5808
74 9369
78 2615
81 115
5
55 8627
56 4404
60 2359
62 1012
67 9215
4
89 5958
90 9331
91 5317
94 6385
10
81 7652
84 2707
89 7828
91 9188
94 2913
96 2766
100 5654
101 8309
103 911
107 8941
4
52 4327
55 3824
58 4605
62 5984
11
47 6818
51 7336
56 9463
59 6891
62 7550
63 3011
65 441
69 6614
72 7138
75 8445
78 6145
3
19 5974
23 3635
24 3045
11
32 8985
35 8749
38 4349
40 847
41 9270
46 9971
50 7122
51 7678
54 4070
59 7615
62 9862
7
28 4150
32 3630
33 2691
35 5184
38 8026
41 4998
42 7585
3
4 321
7 6104
9 1608
9
67 3022
71 130
72 4067
74 4937
79 4689
81 2982
85 7557
89 4069
90 8258
8
6 8013
7 7477
12 4297
13 3407
17 5365
22 5024
23 330
26 8902
3
73 3923
74 7936
79 6265
6
23 7594
25 589
28 5115
33 8556
35 4137
37 5307
4
0 425
5 7879
6 3640
8 1164
4
59 3089
62 6766
67 7601
72 5640
3
17 5229
22 172
26 1019
8
76 7353
81 2923
83 2647
88 3688
93 755
97 5601
100 4618
103 392
6
66 7211
70 5968
73 9323
76 4382
77 8123
79 7173
10
69 5316
74 3530
79 1478
83 6078
84 8204
89 8177
93 3671
95 6708
98 568
103 8008
5
86 4612
90 9703
95 1842
99 2183
100 5084
2
23 7584
27 3
4
80 7147
84 3518
88 5569
91 7248
9
58 6738
60 141
63 2317
67 8999
70 8487
72 6875
74 8861
79 7414
81 8393
5
28 5111
32 3525
36 9610
41 698
43 5013
8
42 1882
46 9431
50 9852
53 6359
58 744
63 9687
68 4734
73 3368
11
42 6899
44 3305
47 1860
49 1876
51 4552
55 9904
57 5169
62 4659
64 6732
66 812
69 7737
10
52 6089
54 8439
59 8044
62 9858
66 6619
68 2191
70 9266
72 7126
73 8732
78 5232
5
80 6520
81 2130
85 9000
89 5927
92 7854
8
87 7662
89 7916
90 2601
94 8783
96 6366
97 4526
99 2565
100 1719
2
90 9665
91 3915
3
95 8549
99 4975
103 651
7
50 1693
51 5014
52 2383
55 4163
59 6992
62 8235
66 8668
6
16 8343
21 3971
26 4867
28 1200
30 4904
31 4987
6
73 4707
75 6938
78 296
83 336
87 5077
88 3012
9
30 9329
34 8758
36 4360
37 461
40 496
45 6422
48 4079
49 6685
54 5463
10
2 4266
3 3098
7 4643
8 6962
10 5452
12 3330
14 9133
18 6827
23 6260
25 6594
10
25 592
28 4643
32 2953
37 4966
38 5707
42 9965
45 5617
48 112
53 434
54 4044
8
4 3569
5 5710
6 5309
11 7339
16 539
17 800
22 1893
23 8631
11
13 2728
18 7053
20 2616
24 8522
25 1043
29 7782
31 4578
33 163
36 5377
37 5287
42 3686
10
70 1449
75 7203
77 3228
80 3615
82 9291
84 711
86 7138
88 7545
90 1031
91 3665
11
8 2100
11 1494
15 7802
20 8281
25 5907
28 9086
31 745
35 7345
36 3504
38 2877
39 2871
11
94 6381
99 2408
104 9421
108 6743
109 1369
112 7619
113 693
114 5401
116 918
120 3244
125 9397
3
35 5177
38 9005
42 6264
8
23 2755
24 2147
25 3172
26 370
30 6977
33 4190
38 5867
40 7996
9
4 2126
9 3737
13 6233
14 3677
18 1977
22 1753
25 9010
26 2360
28 548
5
96 2576
101 7274
104 3652
107 5395
109 6732
4
32 6372
33 985
34 4586
38 881
11
68 8533
71 378
74 218
77 6210
78 5581
79 5247
84 1087
87 7369
92 5523
94 491
96 8491
3
76 2927
79 6495
80 2468
6
50 7083
53 4456
55 2422
57 2772
62 8396
66 603
8
69 436
70 6136
75 2376
77 1700
80 9968
84 5901
85 8341
90 6564
5
99 4501
103 2365
104 8750
106 1100
107 7921
4
52 6682
55 3264
59 2077
61 6680
8
59 5911
61 6040
65 4751
69 2188
73 4299
75 6837
76 2380
80 6896
10
26 5432
29 3334
33 2041
36 7986
41 473
46 7714
47 6301
51 4114
53 3257
54 8022
6
13 9697
15 7066
16 4574
17 2294
18 3017
20 97
5
81 2085
85 4167
89 134
91 7762
94 9445
6
84 3920
87 2573
92 8324
97 262
101 174
106 8414
4
59 3975
60 4045
64 2512
65 1118
4
46 8356
50 3369
54 9695
57 4921
6
46 2335
51 6323
55 6772
59 9789
61 5366
64 8216
11
16 9809
20 1150
21 4569
23 3117
26 9557
27 293
30 434
33 351
37 1461
39 6914
43 6943
10
57 3829
59 7397
62 6002
67 399
72 5880
75 4431
79 1375
83 975
84 5605
88 4886
6
63 1965
65 5119
70 3360
73 3358
75 1794
79 7948
6
42 7716
46 3878
51 89
53 634
56 7801
60 4834
5
63 5412
64 3181
67 7025
72 4335
77 722
8
21 9338
26 9889
28 2546
29 9120
31 4080
34 726
36 8073
41 1383
10
32 1615
37 2798
39 9419
43 5511
45 6356
48 3306
53 7900
54 9970
56 5830
60 2032
2
40 2979
42 8700
6
78 1559
81 4625
86 7666
91 56
95 4298
97 5493
10
35 9563
36 5069
39 6712
41 5503
43 7847
44 8105
46 6943
48 403
51 9245
54 699
2
62 9787
65 0
2
12 1699
16 7032
2
57 381
60 9014
8
49 3429
51 5631
52 629
53 9945
57 5484
59 9445
62 1957
64 6329
5
15 9477
17 9758
18 3929
21 9018
22 3088
10
76 408
80 797
85 5454
87 6688
88 9570
93 512
95 4099
98 7742
103 6105
105 4899
2
82 3270
86 4338
8
9 2374
14 1794
15 3398
17 1263
22 7620
23 1641
24 9173
28 7777
6
86 21
89 9177
94 48
95 7763
98 4620
99 528
6
10 6577
15 7822
17 5681
19 6573
21 5935
22 6246
10
87 590
92 921
94 5506
97 414
102 8508
107 3026
110 4924
111 4792
112 151
115 1048
3
14 4910
18 699
22 1499
10
21 6847
22 937
23 9353
24 7674
25 6222
26 2523
30 823
31 467
35 2445
39 3784
2
80 8805
82 8562
4
73 4394
77 4709
82 1857
83 987
3
53 1011
56 6732
59 5260
11
65 4127
69 2943
74 3544
77 3004
81 4864
83 415
84 5200
86 2115
90 2259
92 4017
97 649
7
34 3859
38 7271
41 8749
46 2704
47 9133
48 9201
49 1515
11
34 44
36 725
39 7079
44 6968
46 7709
48 4281
49 8575
53 1564
57 6868
62 1191
65 9009
8
54 5132
57 2580
62 6757
66 5355
71 7524
74 7490
78 4669
80 5298
8
98 7717
102 7697
103 4211
104 5468
107 8697
109 342
110 483
113 2274
8
47 143
50 6080
55 7308
58 4238
60 8259
65 2383
70 3024
72 3794
3
76 766
81 146
86 7246
6
21 381
22 1921
24 5767
29 3480
30 9425
33 1188
7
52 6034
53 8570
56 8181
57 9280
61 5931
64 3247
68 5524
5
72 2968
74 1261
75 7495
80 784
83 2180
11
77 8792
80 5484
83 7165
85 5159
86 3238
88 1187
89 8070
90 8365
93 2360
96 8856
98 1200
4
19 2431
22 1484
26 9652
29 8330
9
97 3988
102 1872
107 724
111 8166
115 4663
117 9297
120 9466
125 3069
127 4512
6
92 6193
95 235
96 4190
99 1488
101 849
106 4301
5
81 9457
83 3431
87 868
91 4822
96 6369
6
11 7281
14 217
15 4757
16 5218
20 5464
24 133
5
92 1303
96 8061
99 5073
102 5713
105 33
8
25 8020
26 1981
27 8756
30 912
34 1084
36 6069
37 2346
40 3420
10
59 7784
62 1838
64 9162
66 2637
68 2036
72 2690
75 7306
79 62
81 9324
84 2645
9
8 2359
9 1938
12 6079
16 189
20 1885
23 7926
27 5692
29 8394
32 4569
4
43 1923
46 5421
50 6094
53 3687
6
17 1084
20 8677
22 883
23 2038
28 5533
29 3553
6
71 7660
74 8691
77 4653
79 1613
84 4797
85 3633
3
36 3242
41 1103
45 813
11
13 7762
18 7619
23 6055
25 2419
30 7574
34 7446
35 6308
36 6262
37 7069
39 6773
42 1780
10
75 6408
80 4377
81 7421
83 9695
88 9332
93 8007
96 5415
97 3675
102 3041
105 4540
10
10 1572
15 2984
18 1731
20 7948
21 3253
26 8620
28 345
29 2220
32 1749
35 2404
4
95 7646
98 5400
99 8131
103 623
11
96 2913
97 8898
101 780
103 8754
105 2583
108 1109
111 4368
114 4664
116 8105
120 7779
121 5903
7
25 8410
28 6093
30 4074
32 4800
35 7964
38 3484
42 1553
9
42 4064
47 9576
51 1511
56 6340
60 8661
62 5621
63 9316
67 3618
72 8955
7
42 4779
44 2244
46 5048
49 9266
50 1760
54 9573
57 5263
7
28 5364
30 3103
33 940
38 7813
40 9894
41 9229
44 7203
4
69 9357
70 868
73 5764
75 7227
10
53 3827
58 2387
62 4913
66 9748
69 7792
72 1890
73 3355
74 5037
75 2335
80 7216
5
51 6122
55 7309
59 2207
60 6495
63 5485
6
24 4013
28 1550
33 1847
38 8643
43 4878
45 4355
3
46 4951
48 8066
49 6408
3
44 921
47 5755
50 4203
6
48 281
53 8209
55 1066
57 4423
61 8489
66 8233
8
34 5843
35 902
39 2561
42 1519
46 472
50 1498
51 9927
54 1456
9
46 1429
50 7509
54 7405
57 1692
61 8633
66 4980
68 2745
70 9630
75 10
5
40 3470
42 3027
43 6337
46 6663
48 1921
2
37 7109
39 1272
9
44 3098
46 2099
47 208
51 7302
54 4162
57 418
62 7187
67 3
70 6868
9
77 6495
82 2902
83 0
87 446
89 9709
94 7052
96 1142
101 8665
104 8016
11
39 5454
40 7803
45 1536
49 3878
53 4341
56 5317
58 1762
61 2415
65 6328
67 1723
70 7750
4
87 1557
92 834
96 7345
98 2842
3
85 6711
86 7914
87 2172
10
23 5473
27 8084
30 5797
31 4943
34 7984
36 6017
38 9963
40 7599
42 2790
46 737
10
21 9082
26 5165
28 1462
29 5108
32 9193
34 4164
35 5619
39 8057
43 3100
45 8189
8
14 9470
18 7345
20 6048
25 7267
28 5142
31 3419
36 4081
41 1643
8
30 1548
33 3485
36 5079
40 8280
43 293
45 3977
47 7894
50 6724
4
73 2960
74 5857
78 7904
81 3463
2
4 5910
5 8744
9
63 3151
65 9270
68 914
72 4622
73 613
76 3838
79 1012
83 6113
84 4405
2
30 9821
32 9084
4
69 3382
73 5632
77 7756
80 8594
7
92 1960
97 8468
102 1324
107 7713
109 8626
114 6217
117 4928
4
22 119
23 1549
26 947
29 925
5
43 4185
44 4069
46 6027
49 9365
53 1572
4
85 9065
89 7559
94 8005
95 3145
4
76 2857
79 330
81 3207
86 9847
7
46 2340
47 5151
48 9248
53 1229
56 814
60 2316
61 5513
5
96 5164
98 8338
102 590
104 3843
107 266
9
17 1788
22 7537
25 1671
26 8859
29 3714
33 5085
36 4718
41 403
44 5120
11
85 8128
88 279
89 6886
94 6427
95 3694
99 8535
102 2975
105 2762
107 6625
108 6021
109 1063
2
37 3533
41 7217
5
61 4352
62 9534
63 6346
65 3801
68 6397
2
28 320
32 8848
8
57 5861
62 3030
63 2107
68 967
73 5456
76 9431
79 476
82 7594
2
96 8270
97 3775
7
23 9589
25 7098
27 6280
29 3957
31 2853
33 9442
34 8495
6
89 1917
94 6203
99 6915
102 1285
107 3275
108 5753
8
89 3897
93 7879
95 4785
99 1457
103 4784
105 2408
106 1247
109 5962
10
48 8593
52 9631
54 6348
56 3544
60 6677
62 5369
67 1051
68 8203
71 530
76 5364
10
99 6038
102 9539
105 7351
109 4628
112 706
113 9862
117 1153
122 3998
125 3341
128 4358
8
81 281
85 1462
90 5393
93 4629
96 6840
100 6302
105 1180
110 6275
2
3 7689
6 2573
11
20 3404
21 4196
26 9151
30 5939
32 5410
36 9502
39 8351
41 7927
42 4324
43 9775
46 9423
5
36 428
38 4100
43 9282
48 2127
53 6271
8
0 8527
2 5465
4 3761
7 4823
11 8332
15 905
18 6288
20 6035
11
7 6535
8 2980
12 8922
14 9675
16 3972
17 828
21 1218
26 373
31 9222
33 7681
34 5043
11
78 9527
81 441
84 497
86 3206
91 321
94 4473
97 7901
102 8549
106 5914
107 7183
112 2026
2
55 5421
57 1080
10
4 7263
9 4802
12 3411
13 162
17 3789
18 9776
20 1942
24 7562
29 2975
30 7205
6
78 4719
80 5817
82 9003
86 5734
88 2659
93 5331
3
14 5920
17 3956
19 2329
7
1 1399
6 9396
11 9017
13 4626
18 2617
20 9200
25 5200
9
64 5312
68 445
73 2499
74 8893
79 7033
80 7497
83 3215
87 8305
89 3721
2
1 4435
2 1613
2
27 8156
31 3243
11
60 5785
65 4994
66 2357
68 4519
71 132
74 743
78 2223
80 7684
82 1460
85 3891
88 3003
8
61 7265
65 6922
67 5967
69 2682
74 1014
76 1745
77 8220
81 8359
9
7 2258
12 3863
16 5362
18 3928
22 461
27 3550
29 629
30 5476
34 6562
10
13 8188
14 1429
17 2123
20 8500
22 5000
26 2741
31 3727
33 9867
37 233
42 3324
10
78 4409
80 9566
84 9177
89 141
93 3932
97 7933
102 6574
104 1912
108 1806
112 3061
10
45 2472
50 6475
55 792
59 4972
60 952
63 7669
66 5407
70 8093
72 1911
77 7723
6
0 8823
5 5432
9 4021
11 5248
12 7261
15 6032
4
21 2839
23 4070
24 2505
25 7683
5
53 9317
57 3390
58 2690
62 4613
65 8735
5
84 316
87 9309
91 2181
92 9961
97 8040
11
69 6844
73 1997
75 3211
78 8756
83 2246
87 2014
90 4950
94 7582
98 4331
99 4289
104 267
5
83 3300
85 9118
90 2306
95 5779
98 8383
9
72 3184
73 5624
76 9607
80 4037
84 6873
88 4548
93 8340
97 4452
99 9775
3
32 2918
35 2748
36 3767
11
86 512
88 5970
89 8206
93 4881
97 7918
99 7727
100 2473
103 1706
106 1146
107 9385
111 9442
11
75 6472
77 2699
80 9065
84 7395
85 8733
87 5338
88 2319
89 2569
91 7537
94 5433
99 7893
10
66 8661
70 1006
71 2353
75 9002
80 6442
84 8193
85 7064
88 6103
93 5964
94 4120
2
51 538
56 4978
2
41 7571
43 8655
3
8 2416
10 7021
14 721
3
17 9903
18 8865
20 6237
3
39 7457
44 2084
47 7094
6
8 7097
9 812
11 2584
13 5226
18 3504
23 5211
8
54 9357
55 8353
59 9623
60 3463
61 8924
63 4131
64 4917
68 2081
6
48 8606
52 6885
56 3422
60 724
62 6041
65 6982
3
14 680
17 1966
20 917
6
4 6708
6 6387
10 6349
13 5416
17 1745
18 9870
9
88 3020
93 519
98 7406
103 18
105 484
109 4422
113 1590
115 3716
118 7536
6
70 7083
71 6390
73 3175
77 1322
79 3071
81 8683
9
85 415
90 3218
92 8688
93 4648
96 8805
99 6651
101 8020
103 7587
107 407
6
27 8607
29 7425
33 5013
36 8012
37 1707
41 4681
5
38 9192
42 8191
44 3881
45 6342
47 729
9
83 3837
85 540
86 4748
88 1235
90 9558
91 7382
96 9848
97 5185
102 1083
2
83 7260
84 3418
5
73 9851
76 8792
81 5400
86 1350
91 2071
11
61 3535
65 7273
67 8985
68 3919
72 7876
75 3540
79 2848
84 7812
85 99
88 5881
89 4990
2
53 3538
55 8988
7
11 3300
15 7152
19 7475
22 6043
25 6066
29 7017
30 1694
4
82 6373
84 8258
87 3611
89 4335
3
72 7704
74 9967
79 9113
11
53 5455
56 1562
57 5618
58 1163
62 586
65 1916
67 6561
68 8752
69 2397
72 3890
76 7697
2
20 6514
23 4788
4
42 6024
47 7210
49 4540
51 4587
8
14 8539
16 7494
17 8495
20 1130
22 9682
25 8124
28 7602
31 2830
9
99 2345
101 4979
104 9604
107 8701
111 1515
115 430
120 8465
124 7551
127 6237
7
38 1452
43 1194
45 6355
46 4544
47 7282
52 6904
55 8719
9
13 9475
17 7660
18 6883
19 1737
24 6234
27 2751
30 1243
32 233
35 1136
3
18 3909
22 1967
24 9896
9
14 8275
15 4476
17 1216
21 5143
22 992
24 398
28 2678
33 115
37 9386
10
84 7475
86 5492
90 965
92 7197
95 6442
98 8538
103 7424
105 1317
109 2746
110 7238
9
24 7779
26 8881
30 1400
31 3198
32 2182
37 4560
41 6103
44 7156
47 3290
2
4 2007
6 7848
6
14 4684
16 3548
21 4453
23 5982
26 7818
30 6738
2
23 3784
26 5984
7
48 5826
49 6338
51 9697
54 1429
59 3245
60 2070
63 992
2
4 5278
9 4659
4
99 5161
100 6009
103 2212
108 9274
8
45 4142
50 8859
51 2692
54 1726
58 9622
62 9379
63 8055
66 3562
9
14 5120
18 8236
19 119
23 1159
24 6516
28 8619
29 4577
34 0
39 2503
4
55 3965
60 4057
61 2502
62 1564
11
27 2437
28 7368
33 8070
38 2531
43 6539
47 3503
52 2126
53 4283
57 1244
59 6345
62 318
8
51 1682
56 1588
60 5154
62 9448
67 994
71 8990
73 3257
74 5909
5
25 6918
26 9587
29 8749
31 8280
36 2335
2
80 8919
81 7484
9
34 6011
35 6456
40 6345
44 3174
46 6541
51 783
53 4271
55 7423
56 748
9
71 5736
74 9610
78 7993
83 7671
85 7560
88 1133
90 6118
94 8568
96 3294
4
68 4730
73 3325
74 3513
79 521
6
90 307
95 7628
96 3297
97 830
101 8661
105 19
8
40 1168
45 7195
48 7991
51 2355
55 6013
60 4373
65 4079
67 4835
11
74 7047
77 925
78 4815
80 9004
83 4683
88 7226
89 5313
93 5767
97 6820
101 5536
102 6811
7
89 1792
90 4299
92 6855
94 272
96 6590
97 5199
100 8747
8
31 5341
33 4419
37 7018
41 1238
44 7276
46 8900
50 1461
53 4432
6
80 4217
81 625
84 2057
86 2629
91 4513
94 9193
6
50 5830
52 1576
55 5932
59 139
64 6982
68 7585
5
65 5509
67 1531
68 6493
72 556
73 6089
2
93 1772
97 4329
5
54 7920
59 7457
60 8433
63 1778
66 8567
9
82 5956
87 1496
91 5070
96 2195
100 7140
101 5091
102 1954
106 3018
108 5597
8
13 3163
16 7526
19 7487
24 9708
27 842
30 7231
31 1040
33 9385
9
82 9249
87 4036
89 1468
92 3854
95 5343
96 7947
97 5531
102 8891
106 6965
3
52 5780
54 9653
55 4695
8
56 6217
61 1501
64 3616
69 9918
74 2327
78 6696
81 3818
82 9169
3
71 6457
74 7029
79 3585
9
71 4627
72 5463
74 9847
76 2863
81 4260
86 1855
88 5560
90 1847
92 9151
7
19 8471
23 7192
28 9159
33 1931
37 5387
42 4785
47 4546
7
53 5346
55 5744
59 5925
61 1219
66 288
70 6611
74 9009
9
48 5804
49 4292
51 3095
53 2491
54 5758
59 6018
61 8225
62 3777
67 8840
4
40 3674
41 8306
44 907
46 1716
10
69 6207
70 6095
74 1218
77 3051
78 1480
83 2777
87 9737
90 2491
95 5891
97 7651
2
63 3884
68 5355
9
88 7868
92 1951
94 9511
95 1741
96 1841
98 2306
100 2113
101 8015
103 2038
5
1 9594
4 2547
9 1602
13 5440
18 5491
3
37 1002
41 2702
46 7067
5
53 7166
54 544
59 7109
61 164
65 9180
10
19 2759
21 8560
22 4601
23 9104
26 5029
31 6829
36 124
39 3730
41 2341
46 5190
7
9 2477
10 4727
13 8212
16 3497
20 5050
25 5330
30 330
3
23 5862
25 9443
30 2364
9
14 9371
18 519
23 7322
24 797
25 1741
27 1986
28 387
29 5712
31 2415
9
45 9087
48 8801
51 8785
54 6086
55 6024
60 4070
61 4149
64 7401
65 1107
8
43 3802
46 9018
50 787
55 3305
59 4542
63 9527
67 1759
69 4212
8
46 7142
48 237
49 5301
51 2697
54 3488
58 6629
63 1542
66 4290
4
66 6210
70 450
71 5387
76 6913
5
52 8373
57 1077
61 5015
65 4778
69 5008
2
20 8002
25 1681
2
81 6919
83 4580
