1000
80 6
30000000 5
3000000 20000
90000000 500
2 10000
6000 500000000
4000 30000
80000000 70000
600 100000
6000000 700
500000000 50000
700000000 3000000
600 2000000
2000000000 80
900000000 700000
400 20
20 400000000
500000000 400000
8000000 90000000
50000 200
3 20
20000000 2000000
40000000 400000
8000000000 900000000
5000000000 70
9 3
400000 40000000
700 500000
300000000 20000
1000000 1000000
8000000 60000
100 1
600000000 6000
700000000 300000
8000000000 20000
8000 7000
100 80
6000 400000000
2000000 300000000
90 4000000
100 1
90 2
90 9000
90000 500000
30000 3000000
800000 5000000
3000000 100000000
50000 7000
60 9
8000 6000000
800000 9000
1000000 100
1 2000
900000 1000000
60000 90000000
20000 60
8000 5
10000 4000000
500000 1000000
3000000000 2000000
900000000 900000
60000000 9
300 1000
5000000 2
60 400
1000000 9
4000000000 900000000
100 1000
800000 50000000
4 4000
60000000 700
1 600
700000 5000
4000 8000
30 3000
200000000 400
80000000 10
2000000000 700000000
1000 70000000
600 8000000
40000000 80000
6000000 700000
90000 1000000
9000000 40000
8000 40000000
100000 200
40000000 70
1 400000
3000 40000
1000 9000000
600000000 300000000
20000000 4000
30000 9
9000000000 6000000
800 90000
10 700000000
10000000 700
5000 1
1000 90
20000 5
9000000000 40000000
6000 200000000
500000 200000000
400 200
50 3000
80000000 50000000
10 60
30000000 600000000
4 2
1000000 50000
20 300000
600000 700000000
20000 20
80 4000000000
400000 70
80 8000
800000 50000000
700000 600000000
9 50000
40000 90
9 100
200000000 30000
400000 900
3000000000 80
9000000 300
10 8000
8000000000 400
4000000 200
90 100
100000000 1000000
100 600000000
4000 900000
40 90000
200000 20000
30000 5000000000
70000000 90
5000 3000000000
400000 8000000000
6000 60000000
300000 3000000
90000 1
4 700000000
70000000 40
800000000 7000000000
300000000 3000000000
1000000 100
100000 20
80000 5000000
10 60000
400000000 3000000000
3 20
7 30000000
700000 700
8 80
500000 10
500000000 40
20 900
1 70
3000 30000000
1000 1000
8 7000
4000 8000
7000 9
600000000 60000
3000000 300000
2000000000 300000000
10000000 7000000000
500 200000
20 4
6000 30000000
600 8000000
2000 9
1000000 6000
300000 70000
900000000 3
500 20000
4000000 900000
600 60000000
8 6000000000
90 6000000
70 30000
8000000 3000
700000000 7000
600 40000000
10000000 4000
300000 100000
7000 700000
60000000 3
90000000 2
4000000000 2
7000 40000
70000000 70000000
900 5000000
70 80000
500000 2000000000
70000000 8000000
20000000 70
600000000 6000000000
60000000 2000000000
80000 400
400000000 4
60000 60000000
60 400
300000 5000
20000000 4000
3000000 500000
8000 10
60000 400000000
70 100000
800 8
8000 4000000
3000 6
800000 100
600000000 1000000000
700000 600000000
10000000 2000000
20000000 10000000
800000 800000000
3000000000 90000000
9000000000 400000000
400000 1
800000000 6000000000
50 30
500000000 20
9000000000 6000000
8 100000000
700000 10000
4 70000000
900000 2000000000
80000000 50000
10000000 2000000000
100000000 5000000000
90000 50
5000000 7000000
900000 9
3000000 80000000
5000000000 5000000000
9000000000 300000
60 1000
600000000 600
2000000 7
30000000 7000000
300 6000
800000000 300000
7000000 6
800000000 800000000
800000000 5000000
9000000 7000
5000000 500000
90 500000
3000 700000
8000000000 400
7 1000000000
4000 8000000000
2 6000000000
90000000 2000000000
800 20
20000000 200
2000000 90
400 800
30000000 5
800000 1000000000
900000 8000000
500000 500000000
3 900
6000000000 400000
300000000 80000000
400000000 60
9 3000
1000000 800000000
7000000000 20
40000 20
300000 5000000
300000 20
400 100000
7000000000 400000000
500 6000000000
20000000 600000
8 200000000
2000000 3000000000
9000000000 8
400 9000000000
4000000 3
2 3
10 60
60 40
3 5000
300 30000
100000 7000
700000000 1000000000
800000 100000
8000000 200000
500 90000000
6000000000 100
7000000 60000
3000000 2
4000000 600
5000000 7000000000
30 600000000
8000000 2000000
800000 7000000000
100000000 8000000000
10000 40000000
90 500
80000 600
200 1
80000000 10000000
30 60000
4000000 3000
40000000 500
70000 6000000000
1000 40
500000 800000
700000 90000000
2000000 100000
3000000000 90
100 5000000
1000000 800
5 80000
1 9000000000
7 80000000
3000000 20000
30000000 4000000
6000 4000000000
700000 8000
7 8000000
700 8000000
600000 7000
100000 80000
10 8000000000
800 7000000000
900000000 6000000000
3000000000 5000000
80000 6
40000000 80
9 2000000
9 500000000
50000000 900000
6000000 40000
4000 6
100 6000
90000000 2000000
70 500000000
100000000 2
80000000 1
30000 4000
9000000000 3000000000
1000000000 200000000
3 3000
3000000 9000
2000000 6000000
30 4000000000
800 700
900000000 700000000
700000 800000
6 7
1000 7000000000
2000 700
600 1000
100000000 2000000
3000 200
700000 900000000
7 700000000
4000000000 7000
1000 10000000
9000 4000
90000000 1
7 1000000
40000000 100000
400000 9000
10000 70
8000 90
10000000 60
9000000000 30000000
4000000000 100000
8000 10000000
7000000 700
5000000000 800
600000000 9000000000
2000 900000000
4000000000 80
30000 5000000000
8000 500
800 200000000
9 7000000000
300000 4
20000 800
4000000 3000000000
3000000000 300000000
1000 80000000
300000 3
400000000 40000
6000 900000000
90000 10000
100 3
9000000000 2000
6000 1000
800000 4000
1000000000 200
9000000 20000000
10000000 70000000
1000000000 700000000
4 6000000000
20 400000000
60000 7000000
100000000 7000000
60000 800000000
900000 20000000
70000000 3000000000
3000000000 70000
400000000 70000
900000000 20000
100000000 80000000
30 600000
1000000000 1
600000000 10
90 1000000000
70 50
80 20000
2000000000 9000000
80 9000
7000000000 70000
20000 2000000000
30 2000000
1000000000 100000
30000000 3000000000
800000 5000
4000000000 500000
6000 5
2 5000
200 2000
2000000000 5
400000 1
800000000 500000
6000000 1000
800 700000000
400 7000000
9 800000
200000 7
9000 20
90 5000000
90000000 9
8000000 100
30000000 200000
600000 1000000
5 9000000000
300000 3000000000
80000 70000
40000000 80000000
9000 500000000
5000000000 6000000000
300000 8000000
20 90
2000000 4000000
20 3000
40000000 70000
90000 5000000
9000 800000000
80000000 60000000
700000 30000
9 50000000
50 8
10000000 300
3 200
60000 40000000
100000 100
5000 600
200000000 2000000
6000000000 7000000
100000000 2000
3 7000000
700 100
600000 6000000000
500 1000000000
400000 40000000
8000000000 700000
8000000 8000
2000 70
100000 700000000
900 80000
400 7
60000000 6000
60 400
30 700000
4000000 90
5000000000 5
5000 200000000
2000000000 70000000
1000000 5
400000 20
200 7000000000
3 500
20 100000000
7 50000
7000000000 100000000
90000 3
200000 8000000
40000000 9000000
10000000 8000
9000000000 200000
300 800
3000000 1
3000 70000000
2000000 10
3 7000000
1000000000 80000
800 8
90000000 200000
800 20000
200000000 9
70000 400000000
600000 800000
2000 6000
200 400000000
40000 60
20 800000000
100000000 400000000
80 30000000
5000000 600000
200000000 90
200 4
7000 700000000
1000000000 200000000
400000000 10000
300000 2
700000 2
20 3
7000000 600
4000000 30
60 70000
5000 7000000000
3000000 200
6000000000 20000000
2000 7000
6000 7
300 20000000
9000000000 1
80 80000000
60 70000000
600 4000
30000000 5000000
4 600000000
50000000 7000000000
80 4000
200 9000000000
70000000 400000000
80000000 10000000
50 9000
8000 80000000
80000000 5000000
4000 9000000
5000 700000
80000 7000000000
6000000 9
30000 40000000
700000000 700000
50 300
20 300
60000 4000
500000 70000
70 70000000
7000000 1000
30 10
5000000 4000000
90000000 4000
100000 100000000
900000 6
5 700
2000 30
50000000 5000
6000000 50000
400000 7
600000 10
50 1000
60000000 4
3000 8000
90 600000
6000 400000000
30000000 2
1000000 2000000000
900 5000
600000000 800000000
1000 9000000
1000 300000
800000 200
900000000 9
20 800
1000000 80000
600000000 4000
50000000 70000000
10 9000000
30000 8000
200000 60000
6000000000 90000000
7000000 800
7 300
70 2000000000
10 7000000
300000000 10000
10000000 20000
5000 100000
5000000 600000000
5 800000000
50000000 7000000000
3000000000 100000000
3000000000 400
30000 60
200000 40000000
1000000000 800
500 600000
90000000 900000
3000 500000000
500000000 900
70000000 90000
6000 9000
20 60000000
20000000 9
6 6000000000
4000 100000000
8000000000 70000
3000000000 40
40000 800
2000000 100000000
300 200000
8 20000000
90000000 9000
7000000 10000000
2 3000000000
4000000 600000
60 40
5000000000 8000000000
2 70000
200 1000
20 70000000
4000 1
400000 20
400000 90000
1000 800
60 20000000
20000 70000000
700000 30
800000 100
700000000 500000000
8000 2000000000
20000 300
70000000 60000000
700000 10000
3000000 100000000
80 9000
9000 30000
90000000 5000
7000000 7000000
90000000 300
900 300
6000 2000000
60000 1000000
100 30000
20 60
700000000 30000000
90000000 10000
3000000 600
400 300
9000000000 400000000
5 80000
10000000 30000000
400000 70
10000000 40
3000000 8000
8000000 4
900000000 400000000
2 7000000
300000000 500
30000 3000
700 800000000
30 30000
100000 100000000
900000 30000
400000 40000
100000000 80000
30000000 800000000
800000 90000000
2000000 400
1000000 3
2000000 300
500000 90000000
7000 90
9000 50000
3000000000 800000
2000000 300000000
300000 600000000
700000000 6000000000
1000 400
50000 2000000
8000000 8
1000 2
5000 50000
70000000 70
60000 4000
30 600
50 400
800 60
60000000 10
900 70000
10000 6000000
8000000000 60000000
400 9000000
8000 7000000000
900000000 9
90000 8000000000
800 10000
6000000 800000000
700 80000000
4000000 4000
400000 30000000
4000000 80000
6000000000 300000
1 90000
50000 5
400000 500
900 200000
40000000 8000
200000 40000
70000000 1000000
80000000 9000000
40000 4
30000 6000000
8 3000000
8 30
2000000000 800000000
8 7000000000
40000 20000
10000000 200
700000000 6000000
60000 4000000
30 500000000
200000000 9
7000 50000000
700000 40000000
1000000000 6000000
400000000 9000000000
700000000 5
50000000 6000000
3000000 700000000
40 40000
5000000 90
400000 8000
60000 100
8 6000000000
40000000 7000
60000000 4000
2000000 50
200 600000
300 20000
4000000 400
30000000 2000000000
9 70000000
5000 400
30000 400
300 6000
70000000 300
6 50000
9 400
7000000000 7000000000
70000000 6000000
600000000 200000
2000000000 1000000000
3 2000000
100000 9000000
3000000 5000000000
900000000 100000
4000000 1000000000
30 200
60000 4
30000000 500000
400000 10
1000000000 200000
300 20
80000 900000
2000000 900000000
500000 900000
4000 80
60000 10000000
9000 40
80000 200000000
3000000000 60
1000000000 2000000
300000 800000
30000000 20000
70000 10000000
200000 1000
400000 100
70000000 90000
1000 90
6000000 40000
80000000 2000000000
4 100
600 1
6000 5000000
8000000000 3000000
700000 8000
20000000 700
9000000000 6
1000 40
20000 9000000000
800000 600
10 9
200000000 6000
400000000 8000
20000 6000000
100000 90
1000000000 900
70000000 80000
7000000000 10
3 600000
50 5
200000 40
1000000000 900000
90 4000
7000000000 30
6000000 7000000
400000000 100000
300000 5000000000
800000000 300
50 100000000
400000 6000000
8 6
50000000 9000
40000000 500000
50000000 50000
900000000 1
70 400000
90 400
4000000 700000
7000000000 10
50000000 500000000
100000 200000
100000000 90000000
400 200
4000000000 80
4000000 400000000
3000 60000000
6 10
1 100000
7 300000
600 800000000
10000 300
1 9000
4 60000000
700000000 500000
7000000 7000000000
800000000 800
400 9
7000 900000
40000000 3000000000
8000000000 40000000
100000000 10
70 2000000000
6000000000 9000000000
1000 90
3 600
40000000 40
1000000 5000000000
4000 600000
3000000 20000
60000 20
8000000000 10000000
3000000000 800000
60000 60000
10 5000000
90000000 200
9000000000 80000000
2000000 100000
5000000000 9000000000
9000000000 9
500000000 2000000000
70 7000000000
9000000 3
2000000000 5000000
2 80
80000 7000
700000 4
900 20
200000000 70000000
5000 50000000
2000000 80
7000 6000000000
8000000 300000
50000 300
600000000 100000000
300 8000000
700000 4000000000
4000000000 100
5 9000000000
10000 500000
400 9
700000 50000000
800000000 8000000
100000000 60000000
900 8000000
200 70
300 8000000
4000000000 900000
600 500000000
100000 3000000000
800000 1000000000
7000000000 5000000000
80000000 900000000
300000000 20000000
60000000 90000
100000 400
4 70000000
4000 200000000
30 400
600 20
2 100000
20000 700
9000 200000000
10000000 500000000
3000000 5000000000
100 50000
10 6000000
2000000 1000000000
200000000 20000
3000 3
500000 900000
100000 900000
700 30
500 6
9000000000 7
500 6000000
6000 6000000
40000 600000000
8000000 400
8000 500000000
3000 6
7 800000
600000 7000000
300 30000000
1000000000 1000000000
500 8000000000
40000 1
70 8000000
300000 30000
9000000000 4000000000
300000 50000
100000 100
90000 1000
20000 60000
2000000000 5
1000000 600000000
1000000 4000000
5000000 400
40 8000000000
300 9000000
9 9000
5000000000 9000
50000 700000000
400 5
400 9000000
7 100000
5 60000
10000 2000000000
600000 4000000000
9000 700000000
10 70000000
600 400
4000000000 400000000
30000 50
3000000 40000000
700 30
200000 6000
1000 5
10000 800000
300000 80
3000000 4000
40000000 80
4000 50000
400000000 4
50000000 3000000
300000000 10000
90 400
4000000 8000000
6000000000 60000000
3000 20000000
1000 9000
50 40000
10 2000000000
3 8000
1000000 70000000
2 200000
20000 100000
900000 700000
9000000 30
100000000 6000000000
100000 9
2000000 50
70000000 4
300000 50000000
90 6000
400000000 900000000
