1000
40000000000000000 10000000000000000000000
800000 400000000000
4000000000000 8
10000000000000000000000000000000000000 7000000000000000000000000000000000000000000
600 400000000
900000000000000000000000000000 90000000000000000000000
30000000000000000000000000 600000000000000000000000000000000000000000
7000000000000000000000000 50000000000000000000000000000000
900000000000000000 7000000000000000000000000000000000
70000000000000000000000000000000000000000000000000 10000
300 600000
1000000000000000000000000000000 40000000000000000000000000000000000000000000000000
90000000000000000000000000000 8000000000000000000000000000000000000
10000000000000000000000000000 8000000000000000000000000000000000
90000000000000 30000000000000000
100000000000000000000000000000000000000000000000 3
40000000000000000000000 100000000000000000000000000000000000000000000000
200000000000000000000000000000000000000000000 4000000000000000000000000000000000000000000000
90000 600000
40000000000000000000000000 7000000000000000000000000000000000000000000
700000000000000000000000000000000 9
1000000000000000000000000000000000000000 200
800 800000000000000000000000
1000000000000000000000000000000000000 4000000000000000
9000000000000000000000000000000000 6
3000000000000000000000000000000000000000000000 40000000000000000000000000000000000000000
70000000000000000 50000000000000000000000
600000000000000000000000000000000000000000 70000000000000000000
900000000000000000000000000 100000
70000000000000000000000000000000000000000000000000 400000000000000000000000000000000
40000000000000000000000000000000000 600000000000000000000000
600000000000000000000000000000000000000000000 900000000000000
2000000000000000000 100000000000000000000000000000000000000
40000000000000000000000000000000000 500000000000000000000000000000000000000
800000000000000000000 6000000000000000000000000000
50000 600000000000000000
1000000000000000000000000000000000000000000000 400000000000000000000000000000
9000000000000000000000000000000000000000000000 300000000000000000000000000000000000
90000000000000000000 50000000000
800000000000000000000000000000000000000000000 70000000000
50000000000000000000000000000000000 40000000000000000000000000
900000000000000 800
1 600000000000000000000000000000000000000
2000000000000000000000 10000000000000
10000000 4000000000000000000000000000000000000000
400000000000000000000000000000000000 2000000
30000000000 5000000000
1000000000000000000000000000000000000000000 4000000000000000
5000000000 400000000000000000000000000000000000000000
600000000 300000000000000000000000000000000000
40000000000000000000000000 60000000000000000000000000000000000000000000000
100000 8
400000000000000000000000000000000000000000000 50000000000000000000000000
700000000000000000000000000000000000000 300
20000000000000000000000000000000 6
900000000000 2000000000
3000000 600000000000000000000000000000000000
600000000 4000000000000000000000000000000000
400 4000000000
10000000000 700000000000000000000000000000000000
2000000000000000000000000000 80000000000000
8000000000000000000000000000000000000000000000 80000000000000000000000000000000000000000
600000000000000000000000 10000000000000000
7000000000000 50000000000000000000000000000000000000000000000000
30000000000000000000000000 40000000000000000000000000000000000000
100000000000000000000000000000 500000000000000000000000000000000000000000000000
60 400000000000000000000000
30000000000000000000000000000000000000 800000000000
700000000000000000000000000000000000000000000 80000000
800000000000000000000000000000000000000 6000000000000000000000
60000000000000000000000000000000000000000000000 1000
8000000000000000 800000000000000000000000000000000000
6 3000000000000000000000000000000000000000000000000
30000000000000000000000000000000000 50000000000000000000000000000000
100 40000000000000000000000000000000000000000000000000
50000000000000000000000000000000000000000000 1000
2000000000000000000000000000 600000000
7000000000000000000000000000000000000000000 500000000000000000000000000000000000000
7000000000000000000000000000000000000000000 5000000000000000000000000000
100000000000000000 90000
9000000000000000000000000000000000000000000 7000000000000000000000000000000000000
5000000000000000000000000000000000000000 600000000000000000000
600000000000 500000000000000000000000000000000000
800000000000000000000 5000000000000000000000000000000
200000000000000000000000000000000000000000 6000000
600000000000000000000000000000000000000 50000000000000000000000
4000000000000000000000000000000000000000 9000000000000000000000000000000000000000000000000
300000000000000000 600000000000000000000000000000
40000000000000000000000000000000000000000000 800000000000000000000000000000000000000
70000000000000000000000000000000000000000000000000 70000000000000000000000000000
8000000 10000000000000000000000000000
90000000000000000000 90000000000000
9000000000000 100
300000000000000000000000000000000000000 600000
600000 80000000000000000000000000000000000000000000000
4000000000000000000000000000000000000 100000000000
6000000000000000 4000000000000000000000000000000000000000000000000
4000000000000000000000000000000000 80000
600000000000000000000000000000000 30000000000000000000000000000000000
2000000000000000 200000000000000000000000000
6000000000000000000000000 40000000
5000000000000000000000000000000000 70000000000000
9000000000 2000000000
9000000000000000000000000000000000000000000 3000000000000000000
8000000000000000000000000000000 20000000000000000000000000000000000000000
40000000000 8000000000
10 60000000000000000000000000
800000000 10000000000000000000000000000000000000000000000
500000 20000000
40000000000000000000000 50000000
60000000000000000000000000000000000 900000000000000000000000000000
200000 3000000
60000000000000000000000 60000000000000000000000000000000000000000
10000000000000000000000000000000000000000000000000 20000000000000000000000000000
20000000000000000000000000000000 2000000000000000000000000000000000000000
5000000000000000000000000000000000000000000000 90000000
20000000000000000000000 90000000000000000000000000000000000
1000000000000000000000000000000 1000000000000000000000000000
50000000000000000 70000000000000000000000000000000000000000000000
200000000000000000000000000000000 300
200000000000000000000 600000000000000000000000000
100 9000000
4000000000000000000000000000000000 80000000000000000000000000000000000000
8000000000 7000000
400000000000000000000000 40000000000000000000000
20000000000000000000000000000 5000000000000000000000000000000000000000
90000000000000000000000000 8000000000000000000000000
5000000000000000000000 900000000000000000000000
600000000000000000000000 70000000000000000000000000000
300000000000000000 200000000
500000000000000000000000000000000000 8000000000000000000000000000
4000000 9000000000000000000000000000000000000000
6000000000000000000000000000000000000000000 200000000000000000000000000000
900000000000000000000000000000000000000000000 7
200000000000000000 80
8000000000000000000000000000000000000000000000000 2000000000000000000000000
300000000000 900
60000000000000000000000000000000000000000000000000 40000000000000000000000000000000000000000000
2000000000000000000000000000000 600000000000000000000
20000000000000000000000000000000 1000
900000000000000000000000000000000000000000000 7000
300000000 7000000
700000000000000000000000000000000000000 2000000000000000000000000000000000
900000 100000000000000000000000000000000
90000000000000000 400000000000000
90000000000000 600
70000000000000000000000000000 7000000000000000000000000000000000000000000000000
100000000000000000000000000000000000000000 3000000000000000000000000000000000000000000000000
60000000000000000000000000000000 80000000000
9000 60000000000000000
3000000000000000000000000000000000 1000000000000000
700000000000000000000000000000000000000000000000 90000000000000000000000000000000
30000000000000000000000000000000000000000000000 9000000000000000000000000000000000000000000000000
5000000000000000000 200000000000000
700000 400000000000
300000000000000000000000 800000000000000000
7 100000000000000000000000000000000000000000000
800 8000000000000000
500000000000000000000000000 7000000000000000000000000000
80000000000000000000000000000000 9000
90000000000000000000000000000000000000 8000000
20000000000000000000000000000000000 9000000000000000000000000
4000000000000000000000000000000000000000 80000000000000000000000000000000000000
1000000000000000000000000000000000000000000000000 200000000000000000000000000000000
600000000000000000000000000000000000000000000000 7000000000000000
200 500000000000000000000000000000000000000000000
10000 8000000000000000000000000000000000000000000
80000000000 4000000000000000000000000000000000000000
40000000000000000000000 30000000000000000000000000000000000000000000000
2000000000000000000000000 10000000000000000000000000000000000000000000
60000000000 400000
40000000000000000000000000000 2000000000000000000000000000000000000000000000000
2000000000000000000000000000000000000 200000000000000
300000000000000000000000000000000000000000000 10000000000000000000000000000
7000000000000000000000000000000000000000 800000000000000000000000000
400000000000000 6000000000000
20000000000000000000000000000000000000000000 80000000000000000000000
900000000000000000000000000000000000 200000000000000000000000000000000000000000
3000000000000000000000000000 2000000000000000
5000000000000000000000000000 300000000000000000000000000000000000000
60000000000000000000000000000000000000000000000000 7000000000000000000000000000000000000000000000000
7000000000000000000000000000000000000 900000000
200000000000000000 7000000
200000000000000000000000000000000000000000000 5000
40000000000000000 200000000000000000000000000000000000000000000
3000000000000000000000000000000000000000 200000000000000000000000000000000000000000
30000000000000 90000000000000000000000000000000000000000000000
60000000000000000000000000000000000000000 4000000000000000000000
8000000000000000000 800000000000000000
6000000000000 800000000000000000000000000000000000
800000000000000000000000 40000000000000000000000000000000000000000000000
600000000000000000 20000000000000000000000000000000000000000
900000000000000000000 800000000000000000000000000000000000000000
20000000000000000000000000000000 500000
70000000000000000000000000000000000 8000000000000000
200000000000000000000000000000000000000000000 800000000000000000000000000
4000000000000000000000000000000000000 200000000000000000000000000000000000000000000
20000000000000000000000000000000000000 50000000000
400000000000000000 800000000000000000000000000000
700000000000000000000000000000000000000000 80000000000
600000000000000000000000000000 4000
10000000000000000000000000000 8000000000000000000000000000000000000000000000000
700000000000000000000 5000000000000000000000000
700000000000000000000000000000000000000 90000000000000000000000000000000000000000000000
300000000000000000000000 80000000
30 80000000000000000000000000000000000
1000000000 600
9000000000 800000
2 500000000000000000000000000000
80000000000000000000000000000000000000000000 600000000000000000000
1000000000000000000000000000000000000000000000 3000000000000000
800000000000000000000000 500
800000000000000 90000000000000000000000000000000
20000000000000000000000 800000000000000
50000000000000000000000000000000000000000000 10000000000000
400000000000000000000000000000000000000 10000000000000000000000000
60000000000000000000000000 70000000000000000000000000000000000000000000000
100000000000000000000000000000000000000 500
50000000000000000000000000000000 8000000
5000000000 50
300000000000000000 2000000000000000000
80000000000 20000000000000000000
100000000000000000000000000000000000000 200000000000000000000000000000000
4000 8000000000000000000000000000
8000000000000000000000000000000000000000000000000 8000000000000000000
2000000000000000000000000000000000000000000 3000000000000000
600000000000000000000000 800000000000000000000000000000000000
8000000000000000000000000000000 6000000000000000000000000000000000000000000
9000000000000 800000000000000000000000000000000000
9000000000000 9000000000000000000000000000000000000000000000000
3 8000
400000000000000000000 40000000
9000 8000000000000000000
20000000000000000000000000000000000000000000000 2000000000000
90000000000000000000000000000000000000000000 50000000000000000000000000000000000000000
7000000000000000 30000000000000000000000000
800000000000000 2000000
1000000000000000000000 5000000000000000000000000000000000000000000
900000000000000000 6000000000000000000000000
4000000000000000000000000000000000 9000000000000000000000000000000000000000
80000 90000000
50000000000000000 8000000000000000000
40000000000000000000000000000000000000000000000 7000000000000000000000000000000000000000000000
50000000000000000000000000000 6000000000000000000000000000000000000000000000
5000000000000000000000 30000000
400 9000000000000000
5000000000000000000000000000000000000000000000000 700000000000000000000000
1000000000000000000000000000000000000000000000000 6000000000000000000000000000000000000000000
5000000000000000000 600000000000000000000000
30000000000000000000000000000000000000000 90000
900000000000000000000 700000000000000000000000000
20000000000000000000000000000000 40000000000000000
900000000000000000000000000000000000000000 6000000
30000000000000000000000000000000 9000000000000000000000000
1000000000000000000000000000 300000000
700000000000000000000 2000000000000000000000000000
200000000000000000000000000000000000000 50000
10000000000000000000000000 30000000000000
70000000000000000000000000000000000000000000000000 100000000000000000000000000000000000000000
3000000000000 60000000000000000000000000000000000000000000
400000000000000000000000000000000000000 7000
80000000 90000000000000
5000000000000000000000000000000 1000000000000000000000000000000000000000000
30000000000000000000000000000000 500000000000000000
80000000000000000000000 200
800000000000000000000000000000000000 300000000000000000000
900000000000000000000000000000000 300000000000000000000000000000000000000000
9000000000000000000000000000000000000000000000000 500
7000000000000000000000 30000000000000000000000000000000000000000
10000000000000000000000000000000000000000000 100000000000000000000000000000000000000000
70000000000000000000000000000000000000000000 4000000000000000000
40000000000000000000000000 3000000000000000000000
3000000000000000 4000000000000000000000000000
400000000000000 3000000000000000000000000000000000000000000
100 70000000000000000000000000
50000000000 5000000000000000000
60000000000000000000000000000000000 30000000000000000000000000000000000000000000
600000 700000000000000000000000000000000
800000000000000000000000000000000000000000 5000000000000
6000000000000000000000000000000000000000 2000000000000000000000000000000000
50000000000 80000000000000000000000000000000000000000000
4000000000000000000000000 6000000000000000000000000000000
70000000000000000000000000000000000000000 1000000000000000000000
100000000000000000000000000000000000 600000000000000000000000000
70000000 40000000000000000
500000000000000000000000000 400000000000000000
100000000000000000000000000000 70000000
200000000000000000000000000000000000000 70000000
600000000000000000000000000000000000000 4000000000000000000000000000000000000000000000000
80000000000000000000000000000000 10000000000000000000000000
700000000000000000000000000000 2000000
30000000 70000000000000000000000000000000000000000000000000
6000000000 800000
8000 80000000000000000000000000000000000000000000
500000000000000000000000000000000000 90000000000000000
70000000000000000000000000000000000000000 4000000
9000000000000000000000000000000000 8000000000000000000000000000000000000000
80000000000000000000 2000000000000000000000
500000000000000 600000000000000000000000000000000
40000000 80000000000000000000
30000000000000000000000000000000000000000 200000000000000000000000000000000000000000000000
30000000000000000000000000000000000000000 90000000000000000000000000
80000000000000000000000000 10000000000000000000000000000000
90000 2000000000000000000000000000000000000
80000000000000000000000000000000 80000000000000000000000000
300000000000000000 7000
1 700
600000000000000000000000000 50000000000000000000000000000000000000000000000
800000000000000000000000000000000000000000000 70000000000000000000000
8000000000000000000 70000000000000000
2000000000 500000000000000000000000000000000000000000000000
10000000000000000000000000000000000000000000000000 3000000000
70000000000000000000000000000 4000000000000000000
1000000000000000000000000000000000000 6000000000000000
900 60000000000000000000000
9000000000000000000000000 20000000000000000000000000
90000000000 600000000000000000000000
6000000000000000000000000000000000000000000000000 400000000000
600000000000000000000000 500000000000000000000000000000000000000
400000000000000000000000000000000000000000000 300000000000000
3000 600000000000000000000000000000
8 50000000000000000000000
80000000000000000000000000000000 200000000000000000000000
40000000000000000 1000000000000000000000
800000000000000000000000000000000000000 900000000000000000000000000000000000000000000
40000000000 9000000000000000000000000000000000000000
10000000000000000000000000000000000000000000000000 3000000000000000000000000000000000000000000000000
10000000000000000000000000000 600000000000000000000000000000000000000000000000
1000 300000000000000000000000000000000
6000000 2
300 8000
400000000000000000000000 400000000
9000000000000000000000000000000000000000000 500000000000000000
1000000000000000000000000000000000000000000000 50000000000000000000
9000000000000000000000000 600000000000000000000000000000
40000000000000000000000000000000000000000000000000 50000000000000000000000000000000000000000000000000
20000000 60000000000000000000000000000000000000000
700000000 7
8 30000000000000000000000000000000000000000000000
100000000000000000 50000
20000000000000000000000000 30000000
90000000000000000000000000000000000 40000000000
4000000000000000000000000000 40000000000000000000000000000000000000000000
50000000000000000000000 1000000000000000
400000000000000000000000000000000000 90000000
6000000000000000000000000000000000 5000000000000000000
200000000000000000000000000 900000000000000000000000000000000000000000000
9000000000000000000000000000000000000000000000 20000000000000000000000
40000000000000000000000000000000 3000000000000000000000000000000
300000000000000000000000000 500000000000000000000000000000000000
20000000000000000000000000000000000000000 6000000000000000000000000
10000000000000000000000000000000 200
4000000000000000000000000000000000000 3000000000000
90000000000000000000000000000000000000000 80000000000000000000000000000000000000000000
3000000000000000000000 9000000000000000
1000000000000 3000000000000000000000000000000000
30000000000000000000000000000000000 9000000000000000000000000
900000 900000000000000000000000000000000000
600000000000000000000000 4000000000000000000000000000000000000000000000000
500000000000000000000000000000 9000000
400000000000000000000000000000000000 10000000
40000000000000000000000000000000000000 20000000000000
100000000000000000000000000000000000000000 90000000000000000000
5000000000 60000000000000000000000
500000000000000000000000000000000000000000000 100000000000
2000000000000000000000000000000000000000000000 1
4000000000000000000000000000000 40000000000000000000000000000000000000000000000000
10000000000000000000000000000000000000 500000
500 30000000000000000000000000000
40 30000000000000000000000000000000000000
3000000000000000000000000000000000000 10000
100000000000000000000000000000000 70000000000000000000000000000000000000000000000000
60000000000000000000000000000000000000000 200000000000000000000000000
10000000000000000000000 90000000000000000000000000000000000000
9000000 3000000000000000
90 7000000000000000000000000000000000000000000
30000000000000000000000000 1000000000000000
90000000000000000000 80000
900000 900000000000000000000000000
700000000000000000000000000000000000 2000
20000000000000000000000000000000000000000000 200000000000000000000000000000000
8000000000 600000000000000
2000000000000000000000 5000000000000000000
5000000000000000000000000000000 5
6000000 5
40000 20000000000000000000000000000000
700000000000000000000 8000000000000000000000000000000000
300000000000000000000 5000000
20000000000000000000000000000000000000000000000 3000000000000000000000000000000000000000
3000000000000 200000000000000000000000000000000
1000000000000000000000000000 50000000000000000000000000000
40000000 80000000000
2000000000000000000000 1000000000000000
3000 1000
2000000000000000000000000000000000000 600000000000000000
60000000000 10000000000000000000
500000 20000000000000000000000000000000000000000000
30000000 40000000000000000000000000000000
3000000000000000000000 80
800000000000000000000000 8000000000000000000000000000000000
3000000000000000000000000000000000000000000000 300
900000000000000000000000000 100000000
20000000000000000000000000000000000000 30000
300000000000000000 3000000000000000000000000000000000000000000
8000000 600000000000000000000000000000000000000
60000000000000000000 5000000000000000000
200000000000000000 20000000000000000000
30000000000000000000000000000000000000000000000 200000000000
9000000000000000000000000000000000000000 60000000000000000000000000000000000000000000000000
1000000000000000 20000000000000000
100000000000 9000000000000000000000000000000000000000
2000000000000000000000000000000000000000 60000000000000000
50000000000000000000 800000000
40000000000000000000000000000000000000 2000000000000000000000000000000000000000000
400000000000000000 1000000000000000000000000000000000000000
2000000000000000000000000000000000000000 80000
9000 30000000000000000000000000000000000
9000000000000000000000000000000000 2000000000000000000000000000000000000000000000000
6000000000000000000000000 3000000
80 10000000000000000000000
20000000000000000000000000000000 80000000000000000000000000000000000000000000000
600000000000000000000000000000000 700000000000000000000
300000000000 3000000000000000000000000000000000000000000000
7000000000000000000000000000000000000000 10000000000000000000000000
4 90000000000000000000000000000000
30000000000000000000000000000000000000000000 900000000000000000000000000000000
30000000000000000000000000000000000 700000000000000000000000000
600000000000000000000000000 400000000000000000000000
1000000000000000000000000000000000000000 5000000000000000000000000000000000000000000000
90000000 600000000000000000000000000000000
6000000000000000000 60000000000000000000000
80000000000000000000000 20000000000000000000000000000000000000000000
2000000000000000000000000000000000000000 200000000000000000000000000000000000000
5000000000000 20000000000000000
200000000000000000000000000 700000000
3000000000000000000000000000000000000000000000 700000000000000000000000
200000000000000000000000000000000000000000000 50000000000000000000000000
900 4000000
700000000000000000000000000000000 80000000000000000000
100000000000000000000000 5000000000000000000000000000000000000000
6000000000000000 1000000000000000000
50 500000
400000000000000000000000000000000000000000000000 500000000000000000000000000000000
9000 500
9000000000000000000000000000000000000000000000 9000000000000000000000000000
70000000000000000000000000000000000 1000000000
2000000000 6000000000000000000000000000000000000
10000000000000 600000000000000000000000000000000000000000
400000000000000000000000000000000000000000000 100000000000000000000000000000000000000000
100000000000000000000000000 40000000
90000000000000000000000000000000000000000000000000 200000000000000000000000000000000000000000000000
5000000000000000000000000000000000000 6000000000
800 6000000000000000000000000000000000000000000000
7000000000000000000000000000000000 900000000
500000000000000000000 7000000000000
300000000 8000000000000000000000000000000000000
7000000000000000000 400000000
80000000000000 2000000000
3000000000000 3000000000000000000000000000000000000000000000000
600000000000000000000000000000000000000000000 1000000000000000
1000000000000000000000000000 10000000000
100000000000000000000 3000000000000000
900000000000000000000000000000000000000000 40000000000000000000000
20000000000000000000000000000000000000000000 300000000000000000000000000000000000000000
300000000000000000 9000000000000000000000000000000000
5000000000000000000000 3000
7000000000000000000000000 100000
5 8000000000000000000000000000000000000000000
9000000000000000000000000000000000000 80000000000000000000000000000000000000000000000
10000000000000000000000000000000000 7000000
100000000000000000000000000000000000000000000000 10000000000000000000000
10000000000000000000000000000000000000000000 300000000000000000000000000000000000
30000000000 600000000000000000000000000000000000
3000000000000000000000000000000000000000000000000 90000
300000000000 6000000000000000000000000000000000000000000
50000000 80000000000
7000000000000000000000 6
800000000000000000000000000000000000 90000000000000000000000000000000000
8000000 20000000000000000000000000000000000
1000000000000000000000000000000000000 2000000000000000000000000000000000000000000000000
200000000000000000000000000000000000 5000000000000000000000000000000000000000000
60000000000000000000000000000000000000000 5
50000000000000000000000000000000000000000 700000
2000000 60000000000000000000000
10000000000000000000000000000000000000000000000 70000000000000000000000000000000000000000
1000000000000000000000000000000 60000000000000000000000000000000000000000
1000000000000000000000000000000000000 2000000000000000000000000000000000000000000
500000000000000000 40000000000000000000
600000000000000000000000000000000 2000000000000000000000000000000
90000000000000000000000000000000 1000000000000
700000 50000000000000000000000
6000000000000000000000000 9000
600000000000000000 90000
7000000 80000000000000000000000000000000000000000000
30000000000000000000000000000000 900000000000000000000000000000000000000
8000000000000000000000 10000
7000000 1000000000000000000000000000000000000000000000
4000000000000000000000000 40000000000000000000000000000000
300000000000000000000000 200000000000000000000000
400000000000 30000000000000000000000000000000000
900000000000000000000000000000000000000000000000 5000000000000000000000000000000000000000000
900000000000000000000000000000000000000 40000000
400000000000000000000000000000 20000000000000000000000000000000000000000000000
6000000000000000000000000000000000 80000
80000000000000000000000000000000000000 9000000000000
800 100000000
1 600000000000000000000000000000000000000
9000000000000000000000000000000000000 20000000000000000000000000000000000000
100000000000000000000 30000000000000000000000000000
1000000000000000000000000 30000000000000000000000000000000
8000 9000000000000000000000000000000000000
20000000000000 40000
100000000000000000000000 400
5 4000000000000000000000000
60000000000000000000000000000000000000000 4000000000
8000000000000000000000000000000 5000000000
10000000000000000000 90000000000000000000000000000000000000000000000
300000000000 600000000000000000000000000000000000000000
6000000000000000000000000000000000000000000000000 30
80000000000000000000000000000000000000000 300000000000000000000000
10000000000000000000000000 3000000000
4 100000000000000000000
1000000000000000000000000000000000000 80000000000000000000000
50000000000000000000000000000000000000 50000000000000000000000000000000000000000000000
1000000000000000000000000000000000000 70000
6000000000000000000000000 400000000000000000000000000
2000000000000000000000000000000000000 400000000000000000000000000000000000000
60000000000000000000000000000000000000000000000000 600000000000000
2000000000000000000000000000000000 5000
100000000000000000000000000000000000000000000000 70
400000000000000000000000 10000000000000000000000
20000000000000000000000000 6000000000000000000000000000000000000000000
10000000000000 10000000000000000000000000000000000
2000000000000000000000000000000000 700
30000000000000000000000000000 800000000000
400000000000000000000000000000000 6000000000000000000000000000000000000000
30000000000000000000000000000000000000000000 70000000000000000000000000
300000000 400000000000000000000000000000000000000000000000
2000000000000000000000000 40000000000000000000000
400000000000000000000000000000000000 4000000000000000000000000000000000000000000
800 600000000
1000000000 40000000000000000000000000000000000000000000000
50000000000000000000000000000000000000000000000000 700000000000000000000000
1000000000000000000000000000000000000000000000000 9000
3000000000000 3000000000000000000000000
9000000000 30000
50000000000000000000000000000000000 7000000000000000000000000
1000000000000000000000000000000000000000 50000000000000000000000000000000000000000
80000000000000000000 3000000000000000000000000000000
2000000000000000000000000000000000 700000000000000000000000
4000000 20000000
100000000000000000000000000000000000000000000000 5000000000000000000000000000000000000000000
60000 60000000000000000000000000000000000000000
600000000000000000000000000000000000000000000000 9000000000000000000000000000000000
80000000000 2000000000
8000000000000000000000000000000000 6000000000000000000000000000000000000000000
90000000000000000000000000000000000000000000000000 80000000000
100000000000000000000000000000000000000000 50000000000000000000000000000000000000000
8000000000000000000000000000000000 4000000000000000000000
1000000000000000000 10000000000000000000000000000000
700000000000000000000000 80000
700000000000000000000000000000000000000000 100000000000000000000000000000000
1000000000 60000000000000000000000000000000000000000000000000
70000000 90
800000000000 200000000000000000000000000
600000000000000 40000000000000000000000
60000000000000000000000000000000000 4000000000000000000000000000000000000
200000000 500000000000000000000000000000000000000000
6000 30
40000 200000000000
800 10000000000000000000000000000000000000000
90000000000000 300000000000000000000000000000000
6000000000000000 10000000000000000000000000000000
6000000000 800000000000000000000000000
30000000000000000000000000000000000000000000 90000000000
50000000000000000000000000000000000 800000000000000000000000
400000000000 5000000000000000
6000000 70000000000000000000000000
9000000000000 60000000
2000000000000000000000 20000000000000000000000000000000000000000
10000000000000000000000000000000 700000000000000000
70000000000000000000000000000000000000000 9000000000000000000000000000
2000000000000000000000000000000000 4000000000000000000000000000000000000000000000
9000000000000000000000000000000000 800000000000000000000000000000000000000000
80000000000000 5000
9000 1000000
70000000000000000000000000000000000 20000000000000000000000000000000000
3000000000000000000000000000000000000000 3000000000000000000000000000000000000
7000000000000000 900000000000000000000000000000000000000000000000
5000000000000000000000000000000000000000000 1
90000000000000000000000000000000000000 60000000000000000000
900000000000000000000000000000000000 1000000000000000000
20000000000000000000000000 30000000000000000000
300000000000000000000000 80000000000000000000000000000000000000
400000000000000000000000000000000000000000000000 60000000000000000000000000000000000000000
1000000000 300000
40000000000000 30000000
400000000000000000000000000000000000000 70000000000
2000000000000000000000000000000000000 10000000000
300000000 10000000000000000000000000000000000000000000000000
50000000000000000000000000000000000 60000000000000000000000000000000000
2 1000000000000000000000000000000000000000
300000000000000000000000000000000 1000000000000000000000
20000 40000000000000000000000000000000000
100 4000000000000000000000000000000000000
100000000000000000000000000000000000000000 9000000000000000000000000000000000000000000000000
4000000000000000000000000000000000000000000000000 50000000000000000000000000000000000000000000000
700000000000000000000000 80000000000000000000
4000000000000000000000000000000000000000000000000 700000000000000000000
200000000000 60
600000000000000000000000000000000 5000
300000000000000000000000000000000000000 80000000000000
700000000000000000000000000000000000000000000 8000000000000000000000000000000000000000000000000
700000000 5000000000000000000000000000000000000000
90000000000000000000000 80000000000000000000000000000000000000000000000000
5000000000000 2000000000000000000000000000000000000
20000000000000000000000000000000000000000000000000 6000000
50000000000000000000000000000000000000 600000000000000000
9000000000 50000000000000000000000000000000000
10000000000000000000000000000000 30000000000000
50000000000000000000000000000000000000000000000 50000000
6000000000000000000000000000 1000000000000000000000000000000000000000
70000000000000000000000000000000000000000000000000 2000000000000000000000000000000000000000000000
800000000000000000000000 400000000000000000000
7 60000000000000000000000000000000000000000
30000 5000000000
2000000000000000000000000000000000000000000000 90000000000000000000000000000
800000000 30000000000000000000000000000000000000000000000
400 300000000000000000000000000000000000000000000000
6000000 10000000000000000000000000000000000000000000
300000000000000000000000000000 10000000000000000000000
300000000000000000000000000 8000000000000
2000 700000000000000000000
30000000 40000000000000000000000
60000000000000000000000000000000000000000000 30000000000000000000000000000000000000
60000000000000000000000000000000000 80000000000000000000
30000000000000000 8000000000000
70000000000000000000000000000000000000000000000 40000000000000000000000000000000000000000000000000
4000000000000000000000000000000000000000000000000 1000000000000
900000000000000000000 500000000000000000000000000000000000
1000000000000000000000000000000 3000000000000000000000000000000000000000000
900000000000000 300000000000
8000000000000000000000 9000000000000000000000000000000000000000000000000
2000000000000000000000000000 5000000000000
7000 6000000000000000000
40000000000000000000000 900000000000000000000000000
5000000 400000000000000000
20000000000000000000000000000000000 500000000000000000000
3 5000000
100000000000000000000000000000000000000 7000000
700000 500000000000000000000000000000000000000000
2000000000000000000000000000000 600000000000000000000
10000000 30000000
9000000000000000000000000000000000000000 700000000000000000000000000000000000000
7000000000000000000000 10000000000000000000000000000000000000000000000000
700000000000000000000000000000000000000000 7000000000000000000000000000000000000000000
300000000000000000000000000000000000000000000000 1000000000000000000000000000000000000
300000000000000000000000000 800000000000000000000000000000
90000000000000000 200000000000000000000000000000
200000000000000000000000000000000000000 200000000000000000000000
700000000000000 7000000000
3000000000000000000000000000000000000000000000 50000000000000000
5000000000000000000 3000000000000000000000000
900000000000000000000000000000000000000000000000 70000000000000000000000000
6000000000000000000000000000000000 8000000000000000000000000
10000000000000000000000000 60000000
20000000 60000
6 600000000000000000000000000000000000000
80000000000000000000000 800000000000000000000000000000000000000000000
10000000000000000000000000 300000000000000000000000000000000000000000000
50 2000000000000000000000000000
100000000000 2000000000000000000000000000000000000000
9000000000000000000000000000000000000000000000 90000000000000000000000000000
7000000000000000000000000000000000000 200000000000000000
100000000000000000000000000000000000 700000000000000000000
3000000000000000000 60000000000000000000000000
700000000000000000 60000000000000000000000000000000000000000
90000000000 200
200000000000 4000000
20000000000000000000000000000000000 10000000000000000000000000000000000000
3000000000000000000000 3000000000000000000000000000000000000
700000000000000000000000000000000000000000000000 9000000000000000000000000000000000000
5000000 40000000000000000000000000000
5000000000000000 4000000000000000000000000000000000000000
700000000000000000000000000000000000000 70000000000000000000000000000000000000000000
20000000000000000000000000000000000000000000000 3000000000000000000000000000000000000000000000
10000000000000000 3000000000000000000
10000000000000000000000 600000000000000000000
500000000000000000000000000000000000000000000000 80000000000000000000000000000000000000000000000000
80000000000000000000000000000000000 50000000000
40000000000000000000000000 6000000
7000000000000000000000000 400000000000000000000000000000000000000000
7000000 200000000000000000000000000000000000000000000
90000000000000000000000000000000000000000 900000000000
700000000000000000000000000000000000000 10000000000000000000000000000000000
4000000000000000000000000 8000000000000000000000000000000000000000
30000000000 800000000000000000000000
4000000000000000000000000 700
200000000000000000000000000000000000 300000000000000000000000000000
100000000000000000 400000000000000000000000000000000000000
20000000 90000000000000000000000
400000000000000000000000 200000000000000
600000000 900000000000000000000000000000000000000000000
40000000000000000000000000000000000000000000000000 40000000000000000000000000000000000000000000000
1000000000000000000 300000000000000000000000000000
900000000000000000000000000000000000000000 5000000000000000000000000000000000000000000000000
400000000000000000000 10000000000000000000000000000000000000000
600000000000000000000000 70000000000000000000000000000000000000000000
4000000000000000000000 9000000000000000000000000000000000000000
9000000000000000000000000 80000000000000000
80000000000 5000000000000000000000000000000000000000
400000 3000000000000
7000000000000000000000000000000000 3000000000000000000000000000
1000000000000000000000000000000000000000000000 800000000000000000000000000000
200000000000000000000000 20000000000000
40000000000000000000000000 7000000000000000
300 200000000000000000000000000000000000000
1000000000000000000000000000 70000000000000
40000 10000000000000000000000000000
600000 100
1000000000000000000000000000 100
1000000000000000000000000000000 10000000000000
40000000 7000000000000000000
10000000000000 3000000000000000
30000000000000000 600000000000000000000000000000000000000000
70000000000000000000000 800000000000000000000000000000000
200000000000000000000000000000000000000000000 900000000000000000000000000000
100000000 800000
4000000000000000000000000000000000000000000 800000000
30000000000000000000 20000000000000
9000 600000000000000000
8000000000000000000000000000000000000000000 2000000000000000000000000000000000000000000000
600000000000000000000000000000000000000 10000000000000000000000000000000000000000
200000000 90000000000000000000000000
4000000000 6000000000000
600000000000000000000000000000000 200000000000000000000000000000000000000000
300000000000000000000000000000 7
90000000000000000000000000000000000000000000 7000000000000000000000
300000000000 20000000000000000000000000000
20000000000000000000 10000000000000000000000000000000000000000000
90000000000000000000000000000000 10000000
9000000000000000000000000000 600000000000000
200000000000000000000000000000000000 300000
200000000000000000000000000000000 800000000000000000000000000
800000000000000000000000000000000000 50000000000000000000000000000000000000000000000000
60000000000000000000000000 900000000000000000000000000000000000000000000000
700000 90000000000000
70000000000000000000000000000000000 80000000000000000000000000000000000
500000000000000000000000000000000000000000000 100000000000000000000000000000000000000000
100000000000000000000000000000000000000000000000 800000000000000
8000000000000000000000000000000000000 900000000000000000000000000000000000000000000
20000000000000000000 3000000000000000000000
8000000000000000000 900000000000000000000000000000000000000000
60000000000000000000000000000000 40000000000000000000000000000
900000000000000000000 90000000000000000
10000 5000000000000
500000000000000000 5000000000000000000000000000000
9000000000000000000000000000000000000000000 70000000000000000000000
600000000000000000000000000000000000 600000
20000000000000000000000000000000000000000 600000000000000000000000000000000000000
800000000000000000000 50000000000000000000000000000000000000000
40000000000000000000000 900000000000000000
1000000000000000000000000000000000000000000 60000000000000000000
300000000 900000000000000000000000000000000000
1000000000000000 30000000000000000000000000000000000000000000
20000000 40000000000000000000000000000000000000000000000000
700000000000000000000000000000000000000000000 60000000000000000
60000000000000000000000000000000000000 800000000000000000
5000000000000000 6
70 300000000000000000
70000000000000000000000000000000000000000000000000 8
20000000000000000000000000000000 800000000000000
600000000000000000000000000000000000000000000000 500
10000000000000000000 100000000000000000000000000000000000
1000000000000000000000000000000000000000 40000
50000000000000000000000000000 40000000000000000000000000000000000000000
2000000000 10000000000000
800000000000000000000000000000000000000 600000
20000000000000000000000000000000000000 200000000000000000000000000000000000
2000000000000000000000000000 20
80 900000000000000000000000000000000000
90 5000000000000000000000000000
900000000000000000000000000000000000000 1000000000000000000000000
500000000000000000 30000000000000000000000000000000
1000000000 2000
8000000000000000000000000 500000
5 5000000
50000000000000000000000000000000000000000000 700000000000000000000000
80000000000000000000 8000000000000000000000000000000000000000
500000000000 7
7 7000000000000000000000000
7000000000000000000000000000 60000000
9000000000000000000 60000000000000000000000000000000000000000000000
80000 70000000000000000000000000000000000000000000
3000000000000 700000000000000000000000000000000
20000 4000000000000000000000
80000000000000000000000000000000000000000 900000000000000000000000000000000000000
8000000000000000000000000000000000000 700000000000
400000000000000000000 600000000000000000000000000000000000
800000000 90000000000000000000000000000000000000000
400000000000000000000000 60000000000000000000000000000000000000000000000
7000000 400000000000000
50000000000000000000000000000000000000 7000000000000000000000
9000000000000 9000000000000000000000000000000
600000000000000000000000000 6000000000
30000000000000000000000000000000 500000000000000000000
4000000000000000000000000000000000000000000 500000000
1000000000000 60000000000000000000000
800000000000000000000000000 4000000000000000000000000000
400000000000000000 90000000
900000000 300000000000000000000000000000000000000000000
500000000000000000000000000000000000000000000 200000000000
80000000000000 8000000000000000000000000000000000000
7000000000000000000000000000000000000000000 70
6000000000000000000000000000000 90000000000000000000
1 900000000000000000000
9000000000000000 9
8000000000000000000000000000000 6000000000000000
90000000000000000000000000000 9000000000000000000000000000000000000000
300000000000000000000000000000000000000000 4000000000000000000000000000000000000000
800000000000000000000000000000000000000000 40000000000000000000000000000000000000
5000000000000000000000000000000 30000000000000000000000000
3000000000000000000000000000000000000 9000000000000000
5000000000000000000000000000 100000000000000000000000000000000000000000
400000000 800000000000000000000000000
30000000000000000000000000000000000000000000 400000000000000000000000000000000000000000000
90000000000000000000000000000000000000000000000 600000
500000000000000000 300000000000000000
20000000000 8000000000000000000000000000000000000
700000000000000000000000000000000000000 9000000000000000000000000000000000000000
8000000 6000000000000000000000000000000000000000000
5000000000000000000000000000000000000 200000000000000000000000000
600000000000000000000000000 600000000000
40 9000000000
6000000000000000000000000000000000000000000000 60000
200000000000000000000000000000 700000000000000000000000000
90000000000000000000 40000000000000000000000
20000000000000000000000000000000000000000000 70000000000000000000000000000000000000000000000
8 700000000
4 6000000000000000000000000000000000
1000000000000 300000000000000000000000000000000000000000000
500000000000 600000000000000000000000000
80000000000000 30000
3000000000000 1000000000000000000000000000000000
200000000000000000 90000000000000000000000000000000000000
50000000 800000000000000000000000000000000000000000000000
200000000000000000 400000000000000000000000
10000000000000 30000000000000000000000000000000000000000000
100000000000000000 400000000000000000000000000000
2000 400000000000000000000000000000000000000000000
20000000000000000000000000000 90000000000000000000
3000000000000 600000000000000000000000
9000 100000000000000000000000000000000000000000000
300000000000000000000000000 10000000000000000000000000000000000000000
10000000000000000000000000000000000000000000000 300000000000000000000000000000
50000000000000000000000000 20000000000000000000000000000000
500000000000000000 600
20000000000000000000000000000000000000000000000 800000000000000000000000
4000000000000 500000000000000000000000000000000000000000
70000 300000000000000000000000
5000000000000000000000000000000000000000 8000000
6000000000000 80000000000000
10000000000000000000000000000000000000000000 90000
700000000000000000000000000000000000 200000000000000000000000000000000
200000000000000000000000000 90000000000000000000000000000
40000000000000000000000000 10000000000000000000000000000000000000000
400000000000000000 60000000000000000
1000000000000000000000000000000000000000000000 500000000000000000000000000000000
600000000000000000000000000000000000000000000000 3000000000000000
6000000000000000000000000000000 4000
9000000 700000000000000
3000000000000000000000000000000 400000000000000000000000000000000000000000
6000000000000000000000000000000000000000000 70000000000000
8000000000000000000000 400000000000000000000
2000000000000000 700000000000000000000000000
30000000000000000000 1000000000000000000000000000
100000000000000000000000 3000000000000000000000000
80000000000 2000
4000000000000000000000 700000000000000000000000000000
80000000000000000000 400000
8000000000000000000000000000000000000 70000000000000000000000
7000000000000000000000000000000000000000000000000 7000000000000
900000000000000000000000000000000 50
300000000000 90000000000000000000000000000000000000000000000
40000000000000000000000000000000000000000000000 80000000000000000000000
900000000000000000000000000 100000000000000000000000000
900000 5000000000000000000000000000000000000000
900000000000000000000000000000 4000000000000000000000000000000
60000000000000000000000000000 70000000000000
400000000000000000000000000000000000 40000000000000
30000000000000000000000000000000 30000000000000000000000000000000000000000000
2000000000000000000000000000000 7
60000000 5000000000000000000000000000000000
30000000000000000000000000000000000000000000 400000000000000000000000000
2000000000000 100000000000000000000000000000000000000
80000000000000000000000000000000000 20000000000
800000000000000 20000000000000000000000000000000000000000000000
1000000000000000000000000000000000000000 800000000000000000000000000
700000000000000000000000000000000 100000000000000000000000000000000
900000000000000000000000000000000000000000000000 700000000000000000000000000000000000000000
800000000000000000000000000000000000000000000000 40000000000000000000000000000000000000
500000000000000000000000000000000000000 700000000000000000000
50000 10000000000
700000000000000000000000000000000000000000 4000
5000000000000000 9000000000000000000000000000000000000000
600000000000000000000000000000000 500000000000000
4000000000000000000000000000000000000000000000 2000000000000000000000000000000
300 100000000000000000000000000000000
80000000000 60000000000000000
800000000000000000000 70000000000000000
500000000000000000000 40000000000000000000000000
8000000000000000000000000000000000 700000000000000000000000
50000000000000000000000000000000000000 900
4000000000000000 2
30000000000000000000000000000000 100000000000000000000000000000000000000000000000
6000000000000 1000000000
400000000000000000000000000000000000000 10000000000000000000000000000000000000000
20 400
40000000000 8000000000000000000000000000000000000000
20000000000000000000000000000000000000000000000 800000
1 2000000000000000000000000000000000
1000000000000000000000000000000000000000 2000
200000000000000000 80000000000000000000000
300 5000000000000000000000000000000000000000
200000000000000000 100000000000
5000000000000000000000000000000000000000000 600000000000000000000000
3000000000000000000000000000000 30000000
7000000000 10000
2000000000000000000000000 1000000000000000000000
40000000000000000 80000000000000000000000000000
100000000000000 300000000000000000000000
600000000000000000000000000000000000000 600000000000000000000000000000000000000000
2000000000000000000000000000000000000 60000000
3000000000000000000 400000000000000000000000000000000000000000
400000000000000000000000000000000000000 400000
40000000000000000000000000 4000000000000000000000000000000000000000
90000000000000000000000000000000000000000000000 4000000000000000000
2000000000000000000000000000000000000000 900000000000000000000000000
1000000000000000000000000 60000000000000000000000000000000000000000000
100000000000000000000000000000 7000000000000000000000000000000000000
800000000000000000000000000000000000 8000000000000000000000
80000000000000000000000000000000000000000000000000 4000000000000000000
900000000000 100
900000000 3000000000000000000
9000000000000000000000000000000 3000000000000000000000000000
50000000000000000000000000000000 7000000000000000000000
20000000000000000000000000000000000000000 10000000000000000000000
3000000000000000000000000000000000000000 70000000000000000000
500000000000000000000 9000000000000
1000000000000000000000000000000000000000000 500000000000000000000000000000
500000000000000000000000000000000000000000000000 8
3000000000 8000000000000000000000000000000000000000000
5000000000000 2000000
700000000000000 200000000000000
80000000000000000000000000000000000000000000000000 3000000000000000000000000000000000000000
30000000000000000000000000000000000000000000000000 4000
90000000000 300
7000000000000000000000000 700000000000000000
200000000000000 50000000000000000000000000000
90000000 5000000000000000
200000000000000000000000000000000000000000000000 90000000000000000000000000
200000000000 2000000000000000000000000000000000000000
60000000000000000000000000000000 5000000000000000000000000
80000000000000000 800000000000000000000000000000000000
900000000000000000 90000000000000000000000000000
600000000 60000000000000000000000000000000000000000000000000
2000000000000000000000 800000000000000000000000000000000
2000000000000000000000000000000000000 80000000000000000
700000000000000000000000000000000000 100000
100000000000000000000000000000000000000000 80000000000000000000000000000000000000000000000000
4000 30000000000000000000000000000000000000000000
6000000000000000000000000000000000000000 8000000000000000000000000000000000000000000000000
90000000000000000000000000000000000000000000000000 60000000000000000000000000000000000000000
500000000000000000000 2
70000000000000000 4
600000000000 600000000000000000000000000000
900000000000000000000000000000000000 50000000000000000000000000000000000000000000000
7000000000000000000000 40000000000
8 500
80 30000000000000
100000000000000000000000000000 400000000
90000000000000000000000000000000000000000000 9000000000000
30000000000000000000000000000000000000000 60000000000000000000000
20000000000000000000 10000000000000000000000000000000000000
30000000000000000000000000000000 400000
800000000000000000000000000000 800000000000000000000000
500000000000000000000000 800000000000000000000
300000000 40000000000000000000000000000000000000
900000000000000000 9000000000000000000000000000
5000000000000000000000000000000000000000 40000000000000000000
7000000000000000000000000000000000000000 500000000000000
300000000000000000000000000000000000000000000 2000000000000000000000000000000
70000000000000000000000000000000000000 10
9000000000000 80000000000000000000000000000000000000000000000000
400000000000000 900000000000000000000000000
200000000000000000000000000000000000000000000000 70000000000000000000000000000000
80000000000000000000000000000000000000 800000000000000000000000
8000000000000000000000 700
1000000000000000000000000000000000 1
6000000000000000000000000000000000000000 40000000000000000
