10
343 66040
6899 21253 4
3402 25481 6
21280 16392 6
20203 4707 1
36147 17068 10
44599 19035 7
43890 9980 7
65193 610 4
43096 17921 8
34468 26888 6
32514 9470 5
64417 499 8
8534 21342 2
7948 7882 6
2181 4852 7
52522 13233 8
219 32303 1
61249 4102 6
23901 12978 9
65791 238 7
14411 44216 1
32573 25468 5
49050 7929 5
32821 18458 3
34573 7139 10
32988 12724 9
59964 2912 9
142 12453 3
43337 4141 6
45135 11109 3
59417 2790 2
59323 2017 1
44496 11745 1
21922 10650 10
4951 52511 5
10464 46541 1
52046 5353 9
35430 2898 5
35414 14118 1
22584 33348 7
56662 2322 2
8385 46677 9
25869 38845 3
47161 14768 1
24098 31290 3
48185 14848 3
63958 1297 10
59155 4823 1
38253 25337 1
56584 295 8
34856 28133 7
29962 8269 10
24943 28515 5
15730 23272 6
34984 20372 8
57387 8499 4
59676 293 7
5730 5847 6
2795 34808 8
25746 6264 6
27642 11676 9
17795 6576 10
9396 20457 2
34280 4424 9
45429 6711 10
64787 638 5
56582 6078 3
56923 1395 7
25633 28142 9
28219 33702 10
33350 27844 9
41576 18991 10
52700 2752 6
34490 11663 9
34183 16214 10
37956 14230 7
15997 44876 3
62319 1284 8
24594 34962 9
28440 3513 6
41485 19892 5
64630 794 1
42233 12689 2
58818 6716 7
21393 11356 2
45483 12129 8
19943 28468 3
53367 12304 3
6329 35556 10
20410 30189 3
8639 46010 7
6342 40960 1
11808 45952 6
59207 2636 2
40543 8120 4
47759 8470 1
4776 11913 10
5338 48251 2
6392 45868 10
16250 14493 5
15161 48047 2
52907 8576 7
32708 5091 4
17949 34396 1
46742 6629 9
3315 24713 2
2844 37804 5
21772 5380 5
59733 1598 6
49252 11525 7
14044 32240 5
34028 3487 4
44857 2222 2
8216 20419 8
8092 49315 5
32434 8987 7
9861 50963 3
53948 7847 4
62572 238 2
14302 8513 2
64264 540 7
30408 13202 7
1212 63970 6
29229 25690 7
47215 12023 9
22479 25598 6
20719 20030 9
33580 9782 7
1500 58464 1
51881 13260 10
61155 1833 4
45888 4777 1
23185 40807 2
19113 40439 6
9647 27828 7
31225 10882 5
45489 16788 4
39265 9560 6
50784 10370 10
59223 1022 5
59068 3988 4
36482 1852 7
33744 12041 6
20740 852 6
6908 41640 7
23920 19061 1
46541 3139 3
6360 21070 3
55497 4759 10
11675 46699 4
36563 21088 10
62300 1843 5
51589 7002 5
56297 7807 7
20902 41844 1
3541 58965 1
805 52136 10
4087 54382 2
64711 74 1
65426 121 1
19933 9397 6
36326 655 7
6289 16074 8
24089 11299 4
41943 18186 10
53539 8107 4
50280 5200 5
33667 27295 2
6055 34912 3
62656 2954 10
13470 15815 3
48863 8593 5
10710 11374 5
58286 4307 6
64043 1592 1
21851 33097 9
55970 3780 3
8964 26487 8
41487 12826 4
39303 22313 1
49527 9465 2
2330 18633 6
47358 13818 2
55468 1746 8
25780 14497 7
23479 28425 6
16849 47898 1
7729 23416 7
47820 16519 4
41282 19638 7
10979 29506 5
45310 4454 6
28143 5964 8
31485 32490 8
13391 6431 10
13097 43705 10
6140 16642 8
26883 14937 3
41141 22012 6
25893 29582 4
54038 7195 3
39498 9715 9
24364 35048 9
8898 8714 9
5577 60312 3
59388 110 2
4432 16821 7
24174 15908 5
11471 40996 8
63496 549 6
50768 4872 2
46691 13802 5
62971 1690 4
24158 29259 9
23188 23786 10
5994 10779 6
34561 7821 6
12056 2598 8
46200 3304 6
1917 44290 9
20904 44679 3
48661 7838 1
15280 21308 6
59643 5533 9
742 25022 6
53912 6263 1
63642 2179 4
61332 2213 10
46663 8864 7
50830 12730 10
41521 10925 4
25771 29767 3
43441 16626 6
47933 235 4
3700 41294 6
62874 839 3
50327 7556 3
26328 10592 8
2900 51920 6
37249 10065 3
62544 2168 1
22479 19131 6
15667 15115 5
43480 12419 4
19699 20597 10
18523 9719 7
27342 25283 7
61516 1790 6
65849 176 7
47712 4748 9
9345 32715 2
10150 10155 3
51423 8803 10
52324 8327 5
63994 354 9
49149 2565 8
61431 1400 1
48925 8991 1
36868 19038 8
42910 18544 1
31866 26770 8
37544 14706 10
24513 20330 9
56586 3233 7
212 22577 10
36732 3255 9
38340 3360 6
20221 27835 5
52156 1336 1
64717 914 6
23826 20212 3
33911 4149 1
10623 24286 7
35348 275 3
48547 12741 1
16698 24596 5
57808 670 10
31605 29727 1
24162 10437 8
62555 3051 4
36783 29103 5
25345 154 2
10830 46422 7
58670 6249 4
21483 44235 2
53619 9703 7
14939 41803 7
4162 59650 9
51804 10343 1
43255 39 8
52274 1051 3
60387 1095 1
9322 9382 10
26036 14381 1
20456 24542 8
50405 2222 6
14260 30194 6
20171 24201 9
24606 37745 4
17181 3416 2
50534 226 7
64080 797 1
53838 7989 5
3468 61638 5
14770 3162 9
11686 12128 8
15734 29868 9
24621 19923 3
2097 15963 2
44431 8072 3
51387 11947 2
9621 26811 4
12359 6723 9
62785 1942 6
47996 17131 5
40562 20985 10
44024 13539 9
63470 2097 2
51561 10563 2
63043 665 7
58131 651 9
21026 38023 9
37159 10904 3
959 40080 5
31626 29841 6
33328 6782 7
45611 11144 7
29817 26628 3
55011 516 3
51406 8669 10
29431 23958 6
61656 1959 5
23007 30854 7
60381 1210 4
49173 5034 4
8333 51055 10
17844 1750 2
48718 13509 1
8414 25004 1
1869 20264 4
22632 26504 2
7071 33609 7
23942 41792 6
598 33777
19652 10345 9
32475 467 7
20612 6229 1
6583 14785 7
21694 824 8
20339 7840 3
28220 1902 6
31970 151 2
19923 1327 2
6355 9704 9
12416 12525 10
24366 9230 2
3749 14649 7
29683 642 2
1717 6566 10
23032 2354 2
25005 3160 3
4406 26894 10
24303 7666 4
22394 5273 4
26189 3144 1
10883 13169 2
1757 28693 3
6623 26900 6
16163 6230 2
8581 2133 4
15003 18406 6
21451 10884 9
7220 6546 10
17401 10144 4
21947 6557 7
19870 12794 8
30987 538 5
24121 9537 4
32007 509 2
7287 18247 6
4269 29129 2
18282 10414 2
13118 8063 6
24925 3759 4
20243 4120 2
27401 3767 8
31725 1795 2
18496 1142 6
27552 5209 10
148 31465 6
31578 1698 2
3320 25595 4
31892 1201 9
2099 10290 8
9820 16495 5
1726 2908 3
17424 15943 6
27824 3040 4
9143 5555 9
24459 7582 10
13115 15119 7
7544 21599 7
3907 7198 8
834 25580 5
27792 4503 8
2109 2588 9
13070 2752 5
17751 15005 2
16593 5611 6
15692 12125 10
3207 2187 10
7911 15177 1
22911 2963 3
17037 9815 9
33646 118 5
21115 9969 5
28264 2665 3
18333 7696 10
3025 10568 6
14605 9278 5
33724 7 5
11950 2354 8
8209 3688 6
27194 3184 6
2952 13357 2
14324 2287 3
475 6634 3
31660 462 10
27972 707 1
5756 24458 3
21778 3848 4
14169 15391 3
4392 15800 2
12448 18645 8
27924 58 3
17006 11927 5
33136 614 6
30236 1831 4
26194 5439 3
26092 4250 1
28114 1468 2
2924 10658 5
17804 7414 5
14093 11613 2
15555 11585 8
2143 4984 6
2760 2504 7
20156 6516 5
26628 6940 8
20184 9776 5
21702 10710 1
10169 3517 2
30054 2886 5
1348 4475 7
22604 6051 6
32604 1143 2
793 20244 1
25502 471 1
12310 4697 2
6193 24218 2
19686 4951 9
27986 5579 7
9612 13304 7
26007 4861 2
4096 20197 7
9816 10455 3
18251 6277 10
17588 6143 4
23460 4680 4
24538 331 1
3453 23048 7
4235 10554 7
826 16650 4
13193 6118 7
22162 9933 7
14932 1965 8
29104 4569 6
15547 6028 2
27660 3924 2
10271 3749 1
24926 6167 10
9726 13502 1
22944 6569 4
26138 4176 9
29051 4277 4
870 14246 7
3239 10360 8
15366 3829 4
24905 2869 2
26247 5079 5
1877 9270 2
31480 618 3
10318 16362 4
21869 10615 1
2558 11055 1
6856 16805 5
709 7927 8
8215 6423 7
13593 10351 4
6019 21263 9
24820 3772 7
8358 24091 9
20971 4879 5
27535 3739 6
28457 1959 4
4514 6789 9
20873 2493 1
28179 3400 4
23523 5770 10
9730 15916 10
15378 4075 9
18342 15086 5
12998 14392 5
23608 3965 2
25679 4057 9
24796 2134 3
1037 29784 10
27134 2698 4
29845 1201 7
10141 12588 10
21491 5285 2
26891 1244 2
4493 20544 6
24705 2202 2
32668 335 7
9426 9896 10
16535 10409 3
22361 166 3
10138 6325 3
29068 3898 1
21003 8431 3
11600 2393 5
1707 4556 10
1078 18155 2
8316 9796 10
28480 120 5
25315 5123 7
22888 7553 10
3895 20651 4
19263 13157 10
5426 12278 9
7155 1693 1
26819 4344 1
3295 15653 2
2356 24655 3
10611 1719 8
15930 17806 6
14906 4864 3
3561 412 8
22754 3069 6
33031 342 3
545 17474 2
9576 1782 9
25928 5111 2
19430 9577 5
25871 4652 2
24389 442 9
20570 681 8
24398 3932 3
13082 6679 5
32335 781 8
8972 18987 1
9431 7172 3
16095 12600 5
25922 4629 10
24717 6669 1
32168 1377 9
2023 1508 7
27363 4019 7
19911 9268 1
6684 22331 4
2911 1020 1
2605 13052 5
27855 357 1
7215 7339 10
33671 26 9
4789 24682 8
20371 12432 7
26603 3050 5
11876 15718 1
16187 15459 5
251 21619 6
21284 7202 7
1120 20424 7
30084 3041 3
24016 8663 2
27155 3969 9
31147 319 10
16722 3970 7
6340 2745 1
2081 4740 9
19719 1257 5
5222 2173 1
3006 4928 6
26816 2715 1
23718 130 1
17622 1974 1
24570 2101 10
2089 1434 1
736 21441 4
25252 5883 8
25666 1111 7
12876 5807 7
28149 2133 10
31793 281 1
3662 18347 2
33758 7 4
11213 4245 8
18369 14463 6
31302 462 7
10890 16276 7
872 32597 6
14780 10249 10
4379 22370 8
26447 2182 8
3744 26087 7
23210 1945 8
17883 5404 9
246 19653 4
33244 527 1
11537 21328 2
9547 12777 9
24012 6534 10
379 1631 3
33742 19 10
10995 13339 5
4111 21326 7
20117 7602 6
31958 233 3
21403 11324 3
21244 6379 2
15586 1463 5
2356 12050 8
29587 2449 4
14194 10045 5
22825 6305 10
2038 29956 3
998 13207 6
2789 10996 9
30336 2241 5
27730 4175 4
5634 27474 6
27369 3074 5
20786 3322 10
29394 4058 7
30462 1594 4
16307 14266 8
14416 16862 4
20732 10900 8
5264 21463 5
21358 10583 7
31991 1399 3
12651 13995 9
10827 14629 8
20410 813 7
11184 17259 5
3072 20214 5
8580 1412 6
22145 584 4
26284 386 5
12162 8031 5
33039 84 9
18955 803 6
12920 13139 7
30499 178 9
14709 18206 7
9089 22823 9
3920 15201 4
27696 258 6
5909 26010 4
16239 4055 5
27340 6378 1
10988 16668 1
32293 734 8
2879 29694 5
5920 16301 8
23162 5002 5
1216 25932 5
23516 1044 8
8865 22386 6
16245 6760 9
23358 7432 9
32869 81 5
14736 1165 7
26724 5442 7
8640 6047 3
30958 319 10
26631 1117 5
22098 11457 3
29291 211 2
14291 18568 7
22369 6287 6
19908 8325 6
5760 5824 8
15043 6110 4
1723 10049 10
10413 2502 3
8265 2066 7
28 5432 8
31361 1317 1
731 10897 6
12505 17189 1
25563 6398 6
3854 23376 8
24861 2149 5
757 20571 7
28087 2018 5
3294 28651 6
25009 5328 8
5108 20769 7
19126 6044 4
24723 1937 3
4921 2534 7
14739 8386 10
13017 11734 9
33277 105 4
13509 4316 7
1567 21533 1
712 17932 5
2888 23802 10
19744 5497 8
8694 11456 2
32533 1231 7
4588 17404 2
5587 26432 1
11438 9247 10
26484 1123 7
11108 18679 1
25768 97 10
19848 13280 2
20536 12732 8
26131 4909 3
16886 13960 2
6262 24399 8
886 13922 1
21683 3483 4
24694 5353 1
25111 5887 3
9079 16239 4
12556 19193 8
29741 310 5
4289 6048 6
22305 1002 2
14700 18496 2
5184 9683 8
1393 6407 6
9849 7945 10
18570 2951 2
9843 10458 8
15830 5815 8
33467 114 7
19928 1345 6
16630 7468 5
12152 8417 2
27200 2428 7
33219 146 10
30865 1 3
20551 4436 9
3768 5536 1
31284 1760 2
23247 7598 4
6991 21850 8
25782 927 3
26492 683 1
27388 5617 2
25358 5678 1
18498 11709 10
9717 8525 7
19723 1977 4
3305 10924 3
10222 22696 4
23099 5394 7
7312 17533 6
19895 7152 6
6759 16826 4
28673 4550 1
23778 4660 6
336 13030 10
12768 2160 3
1107 15136 2
19420 7240 3
30710 2413 5
13305 18862 5
5767 25496 3
22457 4822 10
7309 1344 9
6520 7995 2
27443 4973 9
12072 13215 6
28316 452 5
26358 5525 6
13038 17223 6
4106 2576 1
16078 10582 10
16340 13303 2
14050 18844 6
1603 8137 9
4468 12361 2
23980 5564 8
8232 16581 5
25647 4355 8
22791 10545 2
3044 28344 5
26994 4639 9
17233 13570 4
29281 3398 6
19865 4316 2
22443 6037 6
16684 7340 5
10149 19449 1
5725 7200 8
11064 5186 4
18296 11472 5
16746 14373 3
31682 1668 9
16798 3804 4
20571 3812 4
30499 2354 4
33678 100 7
24151 8630 4
2503 5364 6
26158 7141 7
12406 13293 9
24565 2789 10
24959 4873 4
9278 5978 2
10041 5034 3
28905 3530 9
10605 20822 7
15289 2195 1
21090 8802 10
22591 5858 10
4372 7233 6
11468 12168 2
10418 18209 5
713 15181 9
12896 14442 2
27083 3041 9
26564 2987 8
18876 5727 1
5625 12031 2
14470 6665 10
21739 10173 8
26505 2995 3
30169 233 5
11340 18644 5
32900 661 4
4054 22389 7
12213 21144 7
32213 1371 8
33116 448 5
5178 20994 10
30096 2521 4
22317 10207 10
15028 7966 5
7880 8005 1
10269 8940 5
6307 9803 10
26014 1849 6
27914 2501 1
745 17082 9
20063 3214 8
8229 9632 2
19895 1182 10
7142 384 8
29477 3482 4
18765 12062 8
27931 1426 9
5822 14098 7
5266 17746 8
32759 174 1
20514 11002 8
3220 9846 1
27018 70 8
31760 947 1
7435 12024 3
27327 2042 4
8288 6633 5
28670 2305 7
19543 11546 7
12840 175 10
467 21221 7
33541 162 9
9307 3454 6
5534 20030 9
24561 2522 10
32855 384 1
31109 54 7
20978 3837 9
8404 17214 10
12238 13996 5
17342 14638 6
29331 1877 8
30612 3088 2
27137 86 7
13054 2472 8
854 25895 4
22148 844 8
16861 2690 6
33495 71 8
2812 15108 3
10367 1643 1
10569 21213 2
1488 30408 10
15109 13630 7
28754 794 9
3735 13662 3
30774 1895 5
18155 650 6
20585 6326 7
12724 11093 6
24531 4187 1
25876 4007 6
10742 8036 9
32206 462 9
30815 2269 8
19843 9339 4
8119 8694 7
12107 8377 1
9627 4431 7
30095 3102 8
21281 8018 6
12941 9088 10
16029 13324 9
30200 1106 1
2882 28084 6
26714 6666 4
16832 2919 10
32103 1580 6
5971 6719 7
27284 4049 1
20477 4977 7
3425 8177 6
22774 4844 1
12059 12816 6
6229 22920 1
5675 1652 6
18538 1791 7
17767 1389 10
8916 21196 6
22718 6539 2
18052 7191 3
882 41167
13094 3422 9
13435 23536 7
39231 211 3
2937 16837 8
8288 13703 4
24998 9993 9
2648 31700 3
28241 12188 10
15856 11710 8
5932 8801 1
40425 417 5
32125 6830 6
8454 17055 3
40011 190 3
23385 16789 8
879 11959 3
28060 9234 8
18348 2251 8
11395 17636 6
20031 314 3
19200 920 2
2112 38586 2
7621 6846 5
2613 28157 4
30295 8229 9
19517 21499 3
35967 366 2
32138 5182 4
9989 8406 4
31131 9278 2
8221 28821 6
3886 15561 8
10673 27915 7
10888 9345 2
38730 288 5
24343 3808 5
21427 10624 10
28524 7158 1
22696 7468 2
3142 21510 7
30751 3900 3
20902 3942 6
23867 2278 10
12935 429 1
10923 25303 8
31747 8391 5
31144 5379 8
22143 1970 3
5043 1747 2
9372 22659 9
12884 24658 9
5370 16784 7
40105 519 9
2784 8784 2
25743 4272 1
40098 99 2
35462 5491 6
37559 686 4
32491 1265 4
33225 4561 8
39371 781 7
584 21570 7
10367 15372 8
3037 19230 10
27298 9837 2
24871 692 8
8154 20139 9
5159 13770 1
26941 2788 2
38057 607 8
30034 4495 5
28698 2278 3
38357 1814 9
23108 8465 2
3459 32297 7
17791 2065 5
26377 13140 1
6089 9582 3
1715 38190 4
25984 1905 10
4235 15974 1
9370 16824 2
18722 1729 10
26953 3127 3
20640 4970 2
8845 29407 1
41055 14 7
26609 13781 3
9067 25314 10
14173 19291 5
5856 25180 2
8662 26643 6
34409 5232 6
33002 7285 5
10883 450 10
22040 3188 5
27572 2592 4
30278 9518 2
11435 16992 9
31458 1365 5
478 29863 7
26797 409 10
21726 8479 2
19495 11641 5
35893 4094 5
18532 4114 5
18952 14910 5
250 20523 2
25010 16061 10
1397 12941 5
34672 4673 6
24559 10275 10
8259 16478 2
8909 16372 5
7287 22690 9
5318 17248 1
24107 9420 2
13281 2798 7
35292 4936 5
8224 16661 6
36415 814 2
3851 736 6
28303 446 8
29530 6111 4
3323 24357 4
12417 25278 6
17646 18985 10
13696 15033 3
24760 7491 9
25010 4699 2
4826 9024 7
18929 5589 4
13456 25997 6
2369 34197 6
20548 4830 7
18117 16453 6
35434 5102 6
30544 7468 9
33797 2549 10
2343 3655 4
27868 10095 2
35033 1365 10
28813 3460 1
39223 1116 10
3969 1477 8
12546 2689 9
40749 71 7
22349 6115 2
36749 3700 6
4952 13359 7
1952 34995 3
11626 8140 1
40445 709 7
15096 4735 5
30172 8879 8
7883 25002 3
37585 1335 7
30441 2912 2
25263 7096 6
12350 898 2
23030 3212 6
36190 1329 6
23380 5179 6
664 14816 4
14701 8968 9
7091 24346 7
24546 5434 7
30282 8665 1
33050 3915 4
7778 22795 9
4384 21799 1
484 18554 7
37825 1343 9
931 29397 1
15610 3552 10
29932 9269 2
5550 3052 4
26264 10441 7
19056 17454 9
7611 22787 4
29718 2553 2
8061 12233 4
27052 4247 2
26399 4573 4
3630 30231 6
8313 20828 7
416 37116 9
26678 2528 8
19497 3829 1
35748 1440 1
28492 7174 7
41033 72 5
22408 4973 4
19636 15228 9
40830 337 9
7375 332 6
36885 474 9
12444 2485 7
16375 11097 2
5562 1977 3
5490 17815 4
434 12151 3
19072 2982 4
25654 691 9
5421 15639 10
38076 2904 8
16179 18124 3
10390 7123 3
6153 5072 6
24145 3532 8
12350 6820 3
37156 1251 3
25039 14756 1
2369 18031 5
8721 23053 9
118 27862 7
5240 638 6
23788 14274 4
39006 906 1
33345 1393 7
4146 7549 6
37525 1263 3
35425 1784 10
13282 6431 10
25313 2717 1
18991 7610 9
4068 8303 9
34129 6384 6
12996 3871 2
10177 5376 1
18168 10115 7
37481 755 4
33782 1740 6
15968 21855 3
13106 1892 5
15533 6487 8
29602 10596 7
14238 17105 10
22237 87 1
8106 11694 4
7081 2935 5
29116 1702 8
37565 1492 9
23896 7119 8
2217 13937 1
16568 7207 1
16488 253 10
29501 10337 4
29909 6778 6
6738 17125 2
12934 11003 9
16905 9255 7
6558 25609 8
8329 27916 10
27915 11291 9
17309 2512 8
16375 10228 9
23680 13537 6
20844 4296 6
35382 8 9
14821 23522 6
18893 16492 8
24417 10788 2
15073 12009 1
21410 7287 4
5516 7708 1
16174 21154 1
34517 4557 2
22678 12043 4
14382 17563 10
37136 2723 4
31341 7044 5
9589 3516 2
8278 21748 9
1785 34775 6
26153 12349 4
23158 1926 4
18679 21159 10
32388 7080 1
30575 6781 8
34379 4361 1
10843 22274 8
37928 48 10
35654 1264 5
4680 6336 1
32866 4939 6
18285 14115 4
29923 5813 10
38962 1014 9
33952 3330 10
36405 425 2
7917 16764 5
36086 1734 3
31776 4595 6
37257 1936 1
28976 6780 9
29106 8764 7
37896 3096 9
33986 4269 5
17065 17590 2
21862 11071 7
5388 17246 6
6673 5337 2
10178 4892 5
505 40655 10
12901 1487 4
23830 3374 7
30110 5031 9
3298 299 2
22176 13649 8
29417 7290 7
30741 2077 9
15597 7228 4
15123 21810 10
15799 14537 10
1565 38465 9
19043 14339 9
12782 20523 5
10723 9117 7
8481 2703 7
40550 398 10
36291 3940 5
21077 5596 10
28242 2964 5
38658 1067 9
11789 3968 2
3828 27561 3
24538 10051 3
9791 26527 1
22309 17459 10
29544 2015 5
8135 8923 2
20379 1475 4
34126 1307 9
15816 10496 8
34027 6190 1
32455 26 1
37870 1658 3
2743 2079 7
15396 17004 6
38866 1346 9
16097 8041 6
33729 4980 6
12336 12658 6
3326 30893 6
24173 2048 6
3203 27094 6
8001 3061 7
24940 897 10
13470 7248 7
10699 13313 7
8818 12932 2
39135 1506 5
35420 2256 10
30066 79 5
4592 1757 10
537 23057 10
1169 5380 5
6522 13747 7
7948 4996 9
9649 2083 2
7608 29976 3
16861 20374 2
40434 584 8
26389 13299 8
12111 14260 4
6098 4132 2
26706 11466 8
29623 2578 7
20788 6771 10
3151 1306 8
28363 5163 5
24043 16747 1
27170 9532 5
40043 1046 7
18842 21070 4
39939 628 5
14549 3151 6
27811 94 2
15286 12147 5
29331 8109 6
30593 3784 2
17091 16904 5
21152 15414 9
7299 27148 8
36459 1460 6
19020 3462 3
16488 5608 10
5370 545 10
25823 3287 2
37371 1517 7
37327 340 8
17740 2911 1
10388 10716 8
15854 19971 7
4877 9967 7
11983 25858 1
40602 458 7
24423 1631 7
27394 7950 9
38730 804 5
1971 23316 6
12428 2820 8
30292 3278 10
14508 19901 6
22893 2406 4
17343 18807 10
35534 655 10
27968 317 4
41021 75 3
21884 7204 5
39787 1049 7
21429 9952 10
2529 37231 6
19775 6540 1
32091 4703 3
39080 2087 2
38199 767 1
34301 2871 8
25368 2584 1
7339 11725 1
30153 4707 9
28111 11932 9
18741 7271 4
4975 16851 5
29248 735 9
24551 14668 4
36562 1014 5
571 23018 4
46 39979 1
35088 5133 7
19871 652 1
5419 25774 2
18132 19282 6
19333 624 8
3090 27072 8
11479 15450 10
4893 30072 6
10470 11399 9
17768 17129 9
6279 10796 3
4416 30476 7
20875 3257 9
35912 1224 4
28345 8965 9
21928 18830 9
5515 32633 7
18940 15424 3
37144 1533 9
36180 3148 5
32731 3641 1
1014 9326 2
9455 18898 5
24162 9312 6
39329 487 6
18309 14975 5
24710 11389 1
6638 9813 4
35652 620 4
30828 6720 2
17357 4164 7
22097 13176 9
16234 12488 8
36903 2956 5
2952 25824 1
12168 576 7
40778 346 9
25866 1973 9
914 18275 5
14179 22314 3
35345 5810 1
15936 8716 1
11535 8681 3
3793 17609 4
32310 1302 6
16114 15261 6
7558 19646 3
11008 8924 9
26056 9601 4
8357 14259 4
40465 315 8
17016 4721 2
39050 30 9
2491 35892 3
40741 208 2
5503 3857 7
33814 6241 6
38493 1481 3
37051 1799 2
9560 9469 1
36311 2929 3
29760 4216 2
40524 323 6
35714 1284 9
2796 4937 7
11651 13077 1
35961 4487 1
20301 4747 4
11550 4155 7
34050 5035 10
6651 5117 7
3035 8317 4
16141 15578 9
941 23396 9
31846 5492 6
13784 7603 3
17832 17080 6
4414 21842 1
37488 1227 3
38796 1116 10
21822 17952 2
36021 1114 3
15563 782 5
17867 8416 6
11013 1619 3
9107 18843 10
4547 12465 2
25652 2803 9
6351 29678 1
23701 5468 9
26208 8986 3
15728 18901 7
40878 44 9
35430 2647 7
28429 4435 10
22686 17744 6
30590 9052 3
36221 2212 4
5554 7308 2
10516 22608 6
26731 6683 8
23522 221 2
29600 457 10
23385 401 8
31354 4138 3
2039 12990 6
12744 3277 5
11352 4821 8
15311 6694 8
24882 6893 9
36838 3299 4
1415 28149 6
292 34862 5
20172 2113 8
22755 1701 7
30983 8955 10
2428 20050 5
8246 11700 9
26985 646 9
18239 17497 10
35535 502 8
20040 1548 1
13330 19092 5
36371 1045 4
7564 3723 10
20723 1232 7
29842 8901 3
13010 4260 1
19805 15541 8
9515 174 9
375 17783 4
39521 1040 4
19816 11080 9
23905 12005 7
2265 13650 10
37577 2633 9
15616 14984 9
23362 4508 3
4986 11957 5
35355 2640 7
34916 1113 7
5965 7838 6
34733 2579 4
22331 5088 8
19628 19573 4
40166 328 8
7850 16073 9
11650 7372 6
9625 4988 9
10679 3336 4
27842 5340 7
25593 10400 8
31961 3014 6
30607 2069 6
34430 4953 8
13484 1230 6
30747 8552 2
24185 12077 6
13882 12025 2
8901 30152 8
39450 210 10
14481 13745 4
12305 8680 6
34023 6208 7
2165 9052 9
25666 14947 5
9830 16056 4
20192 11321 10
34376 120 10
1616 33894 7
24081 12595 3
24055 14658 1
34202 2340 2
12263 6045 1
12201 3354 6
2722 32521 2
11702 4357 4
5007 15839 10
19895 17821 10
29390 1663 10
40768 16 8
16092 6298 7
22895 15653 7
28479 1947 4
34433 6462 9
24917 10493 8
26596 5342 3
28127 3612 8
25429 273 1
32177 4551 7
35701 3910 2
23469 10722 10
24296 11568 2
29301 11138 4
6495 5465 1
8324 14385 7
37711 3228 6
25599 401 3
9763 12746 6
35659 2173 6
20025 3874 8
15175 15949 10
7563 10295 1
39662 1311 4
31951 8555 2
11626 23408 8
17671 9253 8
35205 892 6
27884 5729 5
26466 7898 5
4714 12440 4
22848 17354 7
31736 2474 7
12616 17950 5
36319 2206 1
9386 16816 9
23685 12924 9
1581 21463 5
35609 3137 6
16282 19064 8
1083 18525 8
28771 11206 2
26732 6319 3
15358 19107 4
17547 9296 10
27238 10568 3
34939 1567 2
5678 28018 8
5319 24796 1
24721 445 9
6856 17952 7
3586 1897 5
25537 6725 1
31867 3976 1
12061 23575 5
22429 4349 8
31361 8047 5
27978 1651 5
21273 7722 8
37211 1643 7
16169 22577 7
17510 23282 6
10317 25108 5
298 30703 1
4735 18011 5
11690 18282 2
38946 123 6
37761 653 10
7360 20716 1
31982 5127 7
30874 1986 2
5909 9599 5
16385 20323 6
21823 1404 9
37093 4072 2
28861 4843 3
16503 20923 3
25153 6706 3
35832 3486 7
40089 574 2
7776 861 5
8258 30894 5
9245 8667 5
13448 3397 6
23274 5861 6
34439 5424 3
39706 572 8
35400 4444 4
9529 15396 8
2609 21569 2
14782 22651 4
6418 15634 4
13962 13001 1
2406 15672 2
17748 21775 2
22685 4321 1
8251 6770 8
33210 5018 9
24703 2962 6
28037 12543 4
24163 264 1
40647 284 7
27581 12567 5
628 39326 5
13627 7952 4
18158 3716 8
20226 8774 8
97 2144 4
27391 8887 9
20965 19442 8
36955 3952 9
1789 15661 3
13373 8840 6
2936 8442 7
6922 15334 7
27418 5293 2
12699 22667 2
31152 81 9
2108 38130 7
10327 5500 8
28650 2558 7
21310 15682 7
33525 3495 2
39500 387 10
8517 26538 4
36828 430 5
10656 28095 10
27577 12353 1
37017 1997 4
30873 8173 5
10684 16156 8
10838 20771 3
11898 846 1
37809 1455 5
29106 4895 2
14107 19682 4
28143 9644 4
33062 5991 3
28520 4636 5
9973 14825 5
25558 2566 8
24567 13504 8
13685 15462 1
13207 1100 10
34804 12 9
31242 6693 5
6596 11481 5
21854 5339 5
12459 326 5
29470 9896 2
13509 25172 8
19714 18139 8
3231 15818 7
8681 11298 9
22137 1114 2
37488 1932 1
28463 7321 2
9206 12885 2
28008 7216 1
3507 6684 1
24411 12721 5
27604 4497 1
23509 13854 2
23003 6726 5
20555 7648 9
22059 7625 6
15450 24543 7
3775 1415 7
17624 20893 10
37630 1399 3
26415 5252 9
34224 5810 10
9810 7353 7
17455 93 2
16146 19223 10
4692 609 5
38966 800 8
996 22044 3
40786 113 4
37904 2301 8
30645 117 7
15598 24099 6
26543 6835 7
21659 15174 10
16268 22694 1
1196 19196 10
39656 1252 10
20453 5141 6
6603 27723 3
40082 796 2
9781 2149 1
9397 16746 3
2201 8085 4
33612 1111 9
16429 23901 8
30969 4043 3
16674 10945 5
7238 13872 9
13106 12906 10
38966 1830 3
9701 4868 4
31230 1904 4
12263 1109 10
33843 4576 6
16071 24277 3
7214 22552 8
13412 4540 2
19026 3755 10
34854 3147 3
39865 1189 2
13246 4304 7
13496 23802 2
15946 11525 1
40498 420 8
22890 1651 1
14401 20761 1
20375 13121 7
3859 29596 10
26001 4818 2
39383 502 2
37076 424 2
34502 5235 5
16192 11252 7
13517 15105 1
30375 4951 5
4149 8406 4
6920 2420 8
15250 19659 6
8704 12928 7
16068 10115 3
39207 909 4
10685 21099 5
21290 12227 9
12047 12271 6
10374 17994 6
11008 23989 2
30767 6770 10
23503 1604 3
31056 8037 4
30943 815 8
38647 2069 8
38349 1833 8
40999 20 8
24147 12771 7
12707 19589 3
27762 9239 6
12174 23638 3
14299 11827 8
14026 22554 10
28132 11986 9
5690 12362 8
30221 2827 5
27587 5110 3
5566 25335 7
5695 30922 6
28962 1910 10
26032 14286 10
15773 22045 10
40011 664 9
40006 1058 9
33311 7210 3
24876 11163 8
3601 5676 5
1651 31597 6
35018 1138 10
1822 26077 7
9804 27169 4
27793 4273 3
38063 1304 10
30043 6169 4
35517 4668 2
11319 16743 7
564 84628
10937 17571 6
18425 45535 2
351 48315 4
67970 14644 8
35059 4055 4
9878 63796 9
68864 4619 8
52526 27456 9
11867 64711 10
64247 6029 9
22824 55952 9
64484 6463 7
30306 20962 2
82811 738 8
8151 45996 6
15633 58738 5
18135 65026 1
54079 26139 1
36110 18113 5
14949 2191 1
50937 3248 8
64363 542 1
545 77996 3
13025 21162 10
82244 769 10
24139 15223 8
19645 27399 8
6102 65912 3
20798 40951 6
36860 1695 3
3115 50400 3
5762 45358 5
38386 26215 9
63423 13619 2
30500 16583 2
80662 1645 3
1124 9377 9
55868 16442 2
14886 24892 5
40773 1976 10
80428 657 5
62908 10198 9
77320 7045 9
61596 1993 5
52176 10580 6
51697 10994 6
23970 10560 4
25830 32210 10
20197 45027 9
51491 520 4
26096 35793 10
57136 6740 3
37837 22722 8
73229 2329 1
39303 33625 6
15495 63654 4
56091 8502 2
19729 32560 2
62515 10840 3
35497 13871 3
45446 11174 6
28186 52627 6
7148 41407 9
77049 2691 6
79636 322 10
54044 21904 8
74453 9763 3
51066 31793 6
10923 29605 10
82566 33 6
39616 29052 1
40801 37806 4
2021 21323 6
26799 17180 2
29490 28874 2
59856 4943 2
47641 32081 5
44254 3169 7
45996 2153 4
71039 4828 4
15338 37875 8
38513 39543 10
72490 4390 5
15617 48618 1
29619 37345 3
75117 8209 10
28972 30526 10
26370 31430 10
22821 61009 8
62489 3206 6
60229 5724 1
38378 14953 6
33730 38378 10
51108 8304 5
49554 6581 4
51274 3472 2
38792 40801 8
78873 1938 5
81968 313 1
56760 12918 5
8534 14754 9
2147 21629 7
29574 35852 5
23824 33163 9
35039 28091 6
67998 5289 8
7467 75221 7
42840 10170 9
76595 5544 9
64605 10808 6
78029 1456 4
21234 11728 3
75058 5354 2
63333 14324 8
45994 2637 7
11729 62748 1
64413 15025 9
5778 61425 5
76364 2012 7
54868 21295 6
71418 10729 1
80997 3164 5
22726 40588 9
27152 49272 8
36033 2161 4
69887 3610 3
64990 3584 10
29811 42307 3
42984 32192 8
84378 158 9
25219 28745 10
55018 14248 10
31755 46554 2
14211 23940 6
14417 49024 9
24479 53422 6
42392 33758 3
2851 13466 6
35673 29777 7
22588 39047 2
31710 10885 6
53614 22113 4
46579 23017 8
45061 8555 10
2866 14175 4
19426 49795 4
72730 879 3
84588 40 5
56520 24640 1
30981 13642 10
56897 3608 9
64960 87 9
58912 17089 4
80555 1802 4
8796 11241 8
80555 936 1
37600 45552 9
50874 676 8
76916 7108 1
21022 4143 8
46906 37407 5
72439 10402 8
1349 49161 4
12156 70111 5
84439 134 7
16647 53966 3
46717 8345 3
57111 5663 6
43495 8548 3
23800 15959 1
53657 7512 8
69331 8272 3
13848 54817 8
19174 59888 3
34367 38536 2
48395 20975 6
70109 2122 6
63210 16213 3
67200 11993 7
83985 617 10
60848 1995 4
74697 9638 4
74762 287 9
23302 38878 9
4261 22808 1
55397 18596 10
55034 7113 2
83021 1073 3
67007 11357 3
31482 49660 10
17539 40053 1
75223 2893 9
6845 13833 10
67136 3001 5
15273 40108 7
83979 313 8
68810 13779 6
75694 5226 8
7549 39165 8
47491 1220 10
17637 56618 9
5419 25173 4
56675 17873 8
17469 60198 10
5271 29450 9
8981 21872 9
75791 7122 2
28804 12223 2
81956 541 9
36751 15215 1
3655 37380 2
69989 7624 1
3877 50684 8
14330 68875 4
71537 8954 1
33007 4354 10
47724 8919 1
12172 59016 2
32892 11190 5
7360 59112 8
36174 42223 2
26138 33312 6
41019 7782 5
50440 21648 9
61738 14686 6
73297 3445 6
38737 5453 7
64491 10765 4
13419 24015 5
2192 81132 10
44822 24788 4
75431 9193 5
75700 3104 10
29533 32089 7
66996 4012 6
5632 22913 9
67036 8891 5
52001 31775 9
63667 16383 9
55293 19420 5
55774 3624 3
63010 9247 6
75998 3202 1
36600 2283 4
9742 44407 5
68077 702 5
16862 46394 3
49109 23013 7
47901 33095 10
82008 511 4
9446 60677 4
51405 20270 9
52376 8386 5
67642 14898 7
83041 1004 4
79210 1014 6
74120 1671 2
33378 46493 1
2016 46676 2
20884 10928 3
48872 2467 8
45370 24610 6
19647 7443 5
15619 4847 9
13083 36578 9
17314 3791 1
59174 20461 5
18910 65705 9
15107 41526 6
62065 12573 7
27726 16546 5
38964 5053 3
1502 26705 3
62987 17549 2
36327 47691 4
72101 369 8
46924 3363 9
35657 31586 7
47178 24176 1
54874 6215 5
9265 4736 7
40529 21834 4
50343 13080 4
38351 30171 10
13847 2533 6
50507 19571 3
46420 27801 4
9518 63539 8
37519 43050 5
78134 3433 3
2062 58522 8
4197 24017 9
50307 26359 2
65416 18062 10
68409 3126 8
59883 2245 7
7238 34901 1
36202 20479 3
16607 19418 3
59444 3384 4
45260 12603 10
61794 11304 1
29781 5236 6
73023 8776 1
82963 11 1
19306 53006 1
78073 146 9
11249 39752 5
48947 28112 7
61890 8468 4
71725 1400 4
717 54683 4
78815 3388 4
6435 24528 2
68329 3713 2
58635 418 1
27553 32829 4
61353 11536 7
56025 3465 2
79354 5269 4
11527 33060 10
38787 7739 2
69778 590 10
75163 5792 2
78193 401 9
64328 8520 1
26955 7101 6
5851 58255 10
42738 18274 6
52325 25165 7
3345 66895 2
6397 67208 8
61918 12300 7
78302 4931 7
54167 1056 2
42780 24457 4
37266 41663 2
34275 29062 2
16504 29640 5
20256 21998 7
57519 8242 7
59577 23926 4
5114 71359 3
71190 3458 10
16231 40720 10
27118 46750 4
81335 2038 2
13665 2688 10
39082 24566 5
13710 19586 10
70312 11957 8
24128 45160 10
17217 10484 2
26295 32065 10
67634 7690 8
57933 19638 6
16065 4203 6
66648 4150 10
20110 39730 7
82204 737 3
8178 10457 10
19227 8264 7
15533 60711 3
57610 24555 1
63743 7249 7
19241 36707 3
83917 437 8
72029 12223 9
14037 42210 8
45886 29306 4
12352 23700 7
57877 3319 1
78032 3011 3
49681 25674 2
82893 361 2
14225 24433 10
48294 17911 6
8230 64514 8
79865 3307 6
75716 7678 7
6012 55811 1
432 9298 9
20316 21007 4
80095 81 3
17628 60127 4
79536 4558 2
4353 58368 5
21940 25894 5
5101 79435 1
65708 763 1
57753 18245 3
57364 22169 9
58542 1848 8
27827 49106 1
43652 16465 5
2695 56138 5
57569 21577 2
45029 3190 9
16098 6911 3
33686 626 7
83291 954 2
26983 7382 3
4268 59958 5
62085 16663 1
65465 6990 6
58199 19619 6
14827 31549 10
18234 36649 2
339 37231 3
18587 21088 10
38395 42860 1
24873 30066 8
31886 29779 6
11799 9467 5
55246 12735 5
22311 55033 5
49716 11663 5
32832 10872 8
83091 1328 2
43688 35446 8
52299 3754 3
55123 20622 1
9757 41194 3
74425 2279 9
3514 67722 7
57327 14807 5
20869 8351 2
30575 47503 3
60236 11693 9
728 83841 7
15291 56121 3
4761 14824 8
11861 71727 3
24770 25526 3
43866 13693 2
18188 5897 6
22455 21073 8
69430 6142 6
59648 6085 3
47405 25259 10
39578 43443 5
8116 5794 9
19021 58812 10
44904 28272 9
55907 14085 7
54578 770 8
72397 9202 8
73797 5008 10
8042 35472 5
73464 8538 4
65052 18659 5
77993 1497 3
48840 1459 8
30989 46634 1
40785 32744 9
64302 11903 5
48271 17520 6
74754 2192 8
31823 8221 1
19767 56814 1
15430 36042 6
45922 6745 6
29208 39599 1
27823 9037 7
29913 48604 8
39990 27258 10
4941 19003 6
1073 46987 3
33698 25730 8
20367 57519 5
53287 1011 5
11351 56580 6
71923 22 4
80591 4003 9
10603 11627 9
59144 1690 7
18252 2449 6
26397 33254 8
14597 55674 9
68099 1489 7
14724 34124 3
79856 2058 6
22668 7311 8
31346 36326 2
924 72388 4
54507 17155 6
78618 3285 10
35891 48349 10
7256 44633 3
15627 41772 7
9192 45516 3
24591 49513 8
17285 11864 4
67026 10014 3
57624 14052 5
79945 18 1
78637 1891 4
41241 43061 6
49361 7062 2
4081 77792 5
62338 6070 2
45553 16886 2
69693 1785 7
50507 24661 5
691 49595 9
84582 39 4
62941 8574 4
42362 16943 8
55332 4616 10
26073 50239 2
12320 21064 6
59931 10702 8
16525 28126 5
48068 27341 9
46371 5519 6
51215 19863 10
18570 17388 9
54760 26636 9
70660 8497 8
32953 13186 5
25073 47866 9
76787 1957 2
14574 45500 2
17442 31666 3
1059 22915 3
57060 20345 9
66411 15327 1
349 66754 3
58212 21577 10
20261 59847 4
19186 59403 1
79036 567 5
46014 10055 4
48080 7975 2
73997 8461 3
9997 68309 3
54149 12432 1
24754 47162 7
23672 56199 3
55946 27314 4
23845 8497 10
79261 1561 3
20947 49492 8
82156 436 8
79106 3686 4
25616 13126 9
58365 11434 8
1934 42031 6
32472 35600 1
20245 59096 8
23954 35463 7
2082 47504 4
60727 13335 1
17770 46906 3
34927 31011 4
4053 41396 5
54261 22004 4
62833 20105 3
39150 34574 10
48689 2455 8
68583 10027 9
26248 4116 10
59692 18894 7
81981 1753 5
224 50595
16733 27629 8
25681 3766 1
4185 27531 4
5631 44700 8
20433 12931 3
11862 20170 3
40568 8079 7
22589 10754 4
331 32902 6
7818 3185 7
13841 18304 1
19726 28909 9
24309 25357 2
28431 17765 10
4503 45318 3
45096 2176 3
22857 16028 5
248 23660 2
28171 10215 2
23585 1287 3
47576 2229 5
40588 6078 7
33078 14771 8
40604 1470 8
14428 32452 6
26325 11374 2
18179 16119 2
48780 165 5
18589 6009 10
41177 7075 9
33222 5583 6
36138 11888 1
31701 11723 1
47461 1836 9
28014 8679 7
4755 14972 2
1331 42218 10
13951 28435 4
8779 36200 3
47473 1655 9
31594 16608 4
15718 19059 1
6400 21113 8
6958 16394 2
15091 3957 6
11129 11216 4
43505 6176 5
45203 717 4
7446 42076 9
28481 10657 10
36242 1664 6
14905 1525 1
23003 19051 6
50420 58 2
46824 3582 3
29300 17325 8
16145 6526 2
38175 7386 6
47261 2860 5
47885 1094 1
39802 1568 7
37956 9507 7
48394 1379 2
49012 1176 3
37249 8811 3
48271 2301 9
19848 9959 6
24286 20958 6
14482 22147 10
21069 18258 5
22834 23304 2
42572 7453 2
32293 8171 7
11094 24900 6
12078 22143 4
2631 14079 7
36384 5775 4
44612 2189 9
49200 689 2
49166 1012 4
46274 3419 8
4737 9979 4
32718 14478 1
5030 7613 10
33617 7780 2
20891 16750 9
31450 15756 3
4904 29445 1
35997 14170 9
21802 20256 7
18854 29256 8
7230 22354 6
13388 28994 4
2383 9888 5
20615 11805 10
19395 14032 9
17447 8200 6
7474 41273 2
28301 13488 2
10519 28434 9
16409 18537 1
17277 3610 4
31233 11922 3
28787 11582 7
33930 10769 9
9331 10280 8
3720 38479 1
12489 32299 5
35782 13911 5
37261 2435 10
3038 21534 8
37607 11154 8
42694 1501 1
33980 8319 6
6089 17965 1
24884 5548 6
41174 706 3
36322 8232 5
28801 15531 1
43064 5459 5
31471 18861 3
40384 3061 5
23488 23804 9
49511 443 6
12281 11076 5
1675 22052 1
10 25171 2
24443 20259 10
25128 19946 1
9642 31134 5
40307 4005 7
31415 17717 4
1541 6929 5
34883 10812 5
47625 1273 9
27359 2173 3
2910 34577 10
7080 24245 1
20478 7491 3
13781 19957 1
22955 16767 3
12825 16149 9
22111 24990 1
5259 8753 10
17737 22238 9
26232 508 2
48457 1360 7
18288 9443 8
9930 15504 1
49837 330 8
8795 5952 7
6442 41701 7
21047 8174 8
26663 20235 7
27098 16800 6
33696 7653 3
49156 936 2
42447 5740 9
19413 15656 1
15076 4650 2
4188 39814 7
2929 16794 1
9855 6056 9
5927 2942 1
30556 18399 1
39625 569 6
5450 10328 5
15261 16662 9
25735 1178 5
5773 41839 4
32555 5561 8
16516 12981 1
7860 12857 6
2806 5837 7
7971 3245 7
2114 6076 7
8603 15433 4
24384 10041 8
21711 26986 5
6482 36170 9
31099 19016 7
29252 9314 5
17052 13115 9
43148 3448 4
46011 3183 8
26703 18302 5
6850 19837 1
37254 6615 7
25789 6585 8
30285 3515 2
3754 39484 6
26786 3418 9
49676 767 2
38528 11170 2
3023 1131 7
1179 15619 9
19152 9422 2
30282 17089 4
24178 17251 2
48100 1811 10
45410 3113 7
7951 20243 7
9719 4611 4
1965 2238 10
2043 9931 6
1990 14670 3
264 43321 7
42880 5639 10
27267 13811 2
27732 3467 9
28706 14227 8
21389 5817 3
48577 165 8
19791 27472 3
1192 13440 6
43809 4897 4
29697 16716 6
41573 1627 6
9817 3957 2
12720 5172 2
45597 393 8
16936 15323 10
13840 3164 6
37319 6211 5
429 95126
78371 8922 6
66463 6507 7
10723 32626 6
94091 780 7
44444 6623 2
37511 5241 6
13941 2394 5
8886 69430 8
48748 17257 4
47562 19801 8
70333 10429 7
31207 23432 10
90055 1150 8
35680 34248 1
1068 16031 5
16295 70972 6
37460 28684 5
14825 25308 4
22352 38181 9
75995 5348 5
28540 44669 1
11994 12609 4
21606 67947 1
92883 2106 8
80022 7882 9
67713 24248 10
33843 6775 7
4176 9215 7
75804 10422 4
39752 447 9
27465 2477 10
74939 15125 2
95032 57 5
37760 49966 5
81960 5583 10
33901 19470 7
87401 6913 6
18026 22801 9
17155 57719 10
74921 1624 6
87978 3497 10
45955 19708 7
14159 40148 4
28462 26967 7
76625 4126 10
74159 7635 9
71283 3040 9
76232 4744 5
30641 1848 8
93783 725 2
10609 27583 3
18388 35528 6
51325 21183 4
87865 2516 4
3011 51088 6
21151 47122 5
56137 8459 6
39549 11858 4
27448 3610 1
90655 2107 2
63712 14812 1
81449 13510 4
28281 57077 8
14075 27423 1
36686 1267 1
76667 9348 6
64006 14396 3
51760 35564 9
81041 9449 3
87294 4162 1
13698 58761 6
58231 32032 6
68115 867 5
15730 34686 3
8334 8971 6
2416 80925 10
67066 17288 6
91690 921 8
80752 4133 2
54653 18583 10
5923 26418 9
58316 16795 9
76521 12762 2
27050 13648 7
51922 22343 5
15356 42957 9
7790 57013 9
60850 4473 10
1768 11833 8
58229 11080 6
82429 7716 2
48559 30117 10
3046 59486 9
63294 27135 2
75363 16597 1
70655 19040 8
60312 20379 1
60528 13395 10
5341 55964 10
10961 62544 7
41733 28044 1
54714 28078 7
90137 4798 2
72453 13256 1
52551 23337 6
52818 17143 9
85042 3402 3
88230 651 8
78282 14910 1
71064 22722 2
2384 60193 2
42946 27902 6
89152 2489 1
29953 54195 9
276 88789 4
17414 56641 2
54642 812 2
42666 24208 5
83522 7503 5
88775 5638 3
7203 25518 6
83241 8942 8
93158 712 9
6985 8325 7
21767 58673 1
71900 10649 4
8914 75773 3
89058 6052 6
8267 80706 9
64015 29212 6
69469 23747 5
60093 14634 8
32984 57411 2
78413 7996 4
42678 47266 4
71086 4027 2
42754 38321 10
24065 11056 6
30348 18314 8
93955 259 3
16603 38535 2
27228 26397 2
65111 24023 7
13350 75465 7
13865 43012 3
13796 20649 4
48414 34661 9
62511 8763 4
32285 45489 7
93027 2 7
57538 25325 10
749 87319 5
8642 26525 8
29670 31051 4
85426 5086 3
31489 37239 10
10796 78328 3
53443 27570 7
82103 2548 4
4066 24971 10
47552 34220 6
47184 32639 3
28434 28024 7
41400 13734 6
54240 18082 8
43049 12045 8
59080 31638 10
88777 1805 5
3137 16159 7
71529 12234 3
87589 7082 2
85467 2309 6
16617 18349 1
76765 2100 3
36208 41985 2
23094 29673 4
55427 14150 8
14054 23334 5
72927 13038 2
16302 70080 7
18693 36137 10
12999 78403 8
62459 22295 8
49726 17148 9
78572 7337 2
53340 38325 5
94947 25 10
23931 54154 9
37957 13811 3
27506 2708 3
73973 5452 9
45360 44120 3
61079 14798 10
80626 10794 10
68263 20264 7
15027 45544 1
57201 29074 3
4379 36894 10
1135 32766 4
63080 24730 9
20281 47657 10
4252 48500 8
51647 24459 9
6036 55196 8
30962 26492 9
15380 54976 5
83789 8036 9
75840 1889 4
71522 21149 6
49537 35298 9
33384 21760 6
64424 27350 7
89344 1701 3
18977 36869 2
85749 7905 9
70451 12933 5
47234 906 3
33307 16049 7
82648 10384 2
31678 47852 10
10404 9529 7
17984 16529 9
55268 23551 5
89978 1192 4
5100 29632 2
9513 72566 4
50420 27924 5
18639 5472 1
78994 9132 9
392 58628 9
230 54613 1
4077 88852 9
17926 36607 3
3224 76161 5
31685 9906 8
90388 1917 9
19189 60495 1
12741 33108 7
69675 4155 10
51481 3571 8
47259 16352 4
76934 7734 5
45945 19119 10
2369 32004 2
26125 18067 6
30729 48187 10
40460 47615 7
57543 10371 4
90081 1212 3
3011 51564 2
26575 45414 4
21301 6175 1
79858 574 5
56748 28189 8
79092 6939 8
88694 5551 4
12495 8316 1
21035 6571 2
38342 9995 7
72586 8139 4
31490 17092 8
44687 50028 5
62380 18703 2
72440 7928 4
63488 11176 1
33509 21025 4
37811 56190 6
70622 6633 5
35004 38333 6
72781 20126 8
7865 71833 6
72710 1943 7
54251 21489 4
89486 2887 9
33817 31749 6
44485 48100 1
20059 23544 8
63540 26315 3
15717 72542 9
34765 58066 7
47171 5949 6
45693 24813 7
42061 24354 3
28970 18500 4
33668 39163 1
47763 38109 2
60696 28230 6
26530 54537 5
11183 26119 2
18933 64645 1
77905 5361 6
33791 41007 9
16376 36241 3
81303 11960 7
54950 122 7
45579 1890 9
40089 14551 3
37141 10531 10
56363 33838 3
52616 22513 9
70636 24413 5
64725 27171 1
66486 8880 4
17070 38264 2
64520 24818 5
28317 4135 5
41846 50527 10
60839 4198 8
16080 20005 1
17096 5046 4
30386 56471 8
35415 29564 9
40788 48449 5
11163 48522 2
31090 34478 7
3928 22196 1
90300 3376 3
84469 2007 9
41623 26667 8
42850 3169 9
11260 7879 4
43404 6282 9
68799 12470 9
61499 12426 8
30863 10647 1
45126 16604 2
57334 31774 1
18317 29588 4
9493 8756 2
35745 55523 2
76427 17079 3
45160 10839 4
84977 3097 6
45864 39856 4
18822 26366 6
89077 3753 4
81363 5033 7
55152 1408 9
51742 10144 7
31128 36348 9
91502 1221 10
79995 12316 9
71555 21130 7
31261 37927 1
77715 6941 2
75441 13779 3
11611 17701 1
22994 27973 1
91436 4 7
65385 24226 10
15448 32484 4
81327 12123 2
93261 1717 8
54646 17740 8
41293 8347 4
8876 5387 6
3238 58555 4
17213 66228 1
42682 51897 10
58611 8519 2
3044 5030 1
54153 37098 3
58360 1712 7
52139 28102 10
64273 17638 3
66069 10787 8
35283 56731 2
19595 14351 9
82440 5325 7
71196 2919 6
76686 7367 5
82157 8867 4
57235 5378 3
12774 20188 8
87701 5754 2
43583 50113 2
26871 43724 8
90989 388 7
52713 25153 8
41957 21142 10
11900 75590 5
92356 1121 3
28547 56583 2
89929 214 7
37207 43485 7
53318 2969 9
4257 83285 4
21361 39283 4
4177 49709 7
19991 35376 4
85425 566 2
81233 353 8
32121 3845 8
43183 29644 1
23926 8183 8
39884 24267 8
57887 5532 6
26946 3187 4
82503 3161 7
9620 49976 4
18595 1723 5
44645 34252 8
66074 20801 3
68436 24214 3
48678 9402 5
64553 23488 10
9670 46046 6
69304 5984 3
51088 41152 2
6979 67299 8
70522 20476 10
88995 483 8
31837 34021 4
61969 17634 2
51167 31981 7
2093 63353 10
37082 20602 1
26062 30430 2
9750 53065 10
89273 964 7
79431 5625 2
67821 6341 4
51786 33470 4
30979 24780 1
2230 4272 8
66396 12129 6
51512 1499 4
62929 9510 2
56361 8540 8
634 33955
24715 6771 5
14248 749 3
32476 1168 9
30535 11 4
25487 1922 1
130 7714 5
26940 816 1
32360 1391 4
28715 4351 4
14526 3446 4
8317 1721 10
31986 1592 10
30274 1172 5
19389 784 7
20295 787 3
1161 17041 8
26267 3363 4
3754 9037 5
20142 5362 9
20766 12721 8
27100 3821 9
7395 22474 3
24451 6704 1
18721 9163 10
4607 8295 7
24803 1770 2
10263 15978 1
19373 9245 1
27430 6138 4
3987 2839 6
1209 32305 4
24916 4541 1
5362 3751 4
30828 1278 1
17756 15485 6
6617 12045 4
5888 1814 2
20898 10852 5
23267 5823 9
20049 5087 10
18248 4174 2
17090 4077 5
8734 3275 5
2146 11991 4
25244 8541 5
1816 17766 10
25677 5462 6
14373 15011 4
8217 25399 2
24061 7743 6
33906 48 6
3165 11421 10
13968 8358 4
4625 6458 8
7723 250 8
1440 9304 7
11433 10848 9
24278 427 5
29035 4172 9
28398 3090 1
4933 6678 2
6166 15471 6
15279 4264 2
21037 2572 4
9471 10838 4
6661 19815 5
23815 8937 7
22271 8002 3
30616 1827 1
29430 2342 5
27104 6358 6
23099 1872 2
15840 7351 6
16019 14273 9
4766 19837 1
7845 22408 7
7703 25331 6
2643 8166 7
23204 7940 2
2498 15155 6
29407 2697 9
7169 2903 3
6238 25937 6
32605 959 3
25751 952 7
28834 673 4
200 15787 6
31238 192 1
18002 14064 7
28301 1725 9
19134 12464 1
13366 10120 2
9428 22306 6
463 8409 3
16911 13079 5
15549 18058 10
12605 9779 5
31849 1350 5
16459 13564 10
26346 5292 8
5692 6126 4
22700 10155 2
32818 1105 4
3844 22269 10
23127 3028 7
5408 1115 2
1287 29409 10
30146 2740 7
5768 9520 9
4694 17326 3
15095 5979 8
15034 15290 4
17222 16578 7
1697 19870 5
15775 5397 6
3045 20916 3
4077 29594 10
15941 7104 1
19128 10574 2
21940 4599 7
17894 2450 9
21120 500 6
10258 5513 8
1393 17468 10
10199 23120 7
33429 300 2
3604 29246 9
795 12461 7
16544 12526 9
4503 1576 2
4728 1510 2
25465 3246 6
6237 26680 8
31727 1662 8
25796 6864 9
2450 14426 4
20061 6268 9
32003 1136 8
9452 10027 5
5802 10592 8
18340 314 3
14085 1797 5
9825 20323 10
8809 6334 9
6477 13148 10
32732 429 2
32617 182 1
6224 12462 1
29663 1687 10
7927 6549 8
8568 56 8
5662 18510 1
80 11899 7
15574 11323 9
5860 2745 2
9720 1546 2
59 4408 1
25709 34 7
7174 16952 4
17775 7636 1
11684 15205 2
18189 3045 6
29103 913 10
8405 25103 8
16630 7898 2
30441 491 5
32323 1572 8
21316 985 8
14530 18224 10
1597 21572 5
21263 10584 6
31670 1096 3
19881 2162 5
23297 2207 3
20899 6738 2
1021 19165 4
27627 3582 10
27872 3723 9
17451 301 9
21068 2155 1
25595 4706 9
9049 8885 3
11289 7359 2
27329 3185 3
15785 6072 3
22442 4744 6
6118 9650 9
8568 687 9
23678 7707 1
1216 2088 10
17525 14427 3
11686 14804 4
7562 6786 6
25604 7282 8
7867 8806 9
11282 6392 3
16495 5901 4
634 7917 2
17837 14952 6
25895 4068 3
33774 16 1
11353 6370 5
25812 7312 7
15365 14487 5
19507 1450 6
25088 7991 10
32562 672 5
30361 3097 3
23016 10616 3
29439 1252 2
7866 5620 7
9761 18102 3
2404 23690 6
21394 9056 3
17074 9135 1
12695 4821 4
7329 9982 9
32565 1127 2
195 33523 2
7784 10291 3
6277 13378 2
16239 15423 10
3399 26920 2
30745 1612 4
12813 730 6
19345 8846 5
11508 7860 8
32160 755 4
23154 6024 3
4276 10464 4
1356 32038 3
15100 6779 5
10434 9027 5
8698 14297 5
23306 9678 2
26044 2994 2
17497 9021 10
26451 2564 6
16188 15412 9
9001 6523 9
5514 4084 10
530 10643 1
12791 20948 6
17736 7330 6
10587 16081 10
9519 5030 9
7677 21549 5
33484 239 7
862 6773 8
24310 926 3
13484 661 4
17347 14173 2
24098 3247 7
17849 3631 3
8034 25261 9
2202 11318 10
16646 15073 2
33841 41 1
24713 8844 7
11035 7484 1
4539 14141 1
4125 3977 8
15998 13564 3
3404 22372 3
21463 6936 4
11739 1200 1
15129 704 3
27103 2772 3
18392 6889 10
12850 3788 10
20701 11526 4
33374 428 9
8816 11998 1
16170 5545 4
29626 1344 6
240 18071 3
27004 4693 6
16040 4407 10
20029 252 4
5695 23519 2
31374 42 2
20047 7025 4
19326 1625 10
28823 3247 1
1735 19670 3
11784 9440 4
3550 15381 4
24686 4917 7
19012 2477 4
15617 16157 8
29966 1516 6
3366 24003 9
19892 9442 2
29617 2925 4
10119 18598 4
6583 3150 2
13220 2094 5
26821 463 2
24674 7629 6
33781 72 6
9761 21172 1
16015 7277 9
2853 17336 1
6286 23101 9
8798 20456 10
15982 17530 4
3681 15212 2
29272 4444 10
22124 3170 2
937 9108 1
1246 938 4
22713 3987 4
20197 3295 10
31494 2424 3
12160 18057 3
619 19141 8
20684 1462 4
22518 10129 5
22348 6028 8
33675 71 1
28975 3141 1
26994 303 2
23085 7634 8
12838 2562 3
24241 6207 3
25106 2893 5
8852 21727 2
5755 4377 4
15246 17809 10
21211 1645 1
25321 3767 7
28793 2016 3
30199 2949 8
26876 5803 9
3491 19004 2
22112 7243 7
9077 8982 6
10192 4320 9
13800 14113 6
19440 6745 1
28081 1792 3
32273 1675 7
14577 10293 4
18085 5027 1
31580 2152 1
19144 10235 9
10449 230 9
6531 9127 1
22444 6860 1
27174 4442 3
11969 5352 5
15951 2613 10
10579 17476 8
12862 19638 6
10169 22763 6
12435 14140 4
8094 7482 7
8122 20089 2
8297 19149 6
16267 5477 3
10334 14378 5
31733 908 4
1362 20515 8
27629 1478 1
33208 526 10
13350 9908 6
358 18822 5
31003 1279 2
33314 167 1
14310 12581 4
25485 5714 5
9198 21826 3
16036 14443 10
1472 12024 5
4701 21910 8
29796 2300 6
5732 22377 8
13176 18399 5
15006 8663 10
12971 9594 3
18020 12844 1
17242 6802 4
5827 2406 9
4965 14600 8
33939 17 9
31790 1356 1
4062 24861 5
3805 1583 10
709 18765 4
12816 3307 2
28573 2724 4
2016 24154 6
19997 3594 5
24895 3505 2
19597 2760 9
8334 4414 10
11407 7032 5
23913 3012 7
32761 137 2
28165 4340 7
3855 12423 2
33287 567 5
7991 71 8
24334 1992 8
11048 9229 10
27926 2675 1
17456 6789 6
31904 1390 2
8701 178 9
11095 10811 5
5174 17054 5
20260 2250 5
842 12847 7
2494 26054 9
13478 57 9
15959 11144 1
1957 25534 1
23785 6188 2
2881 1737 5
23330 6300 9
151 28702 5
2901 17283 7
1050 9268 6
26822 3145 6
18294 7367 6
28783 4360 4
25084 4762 8
23269 7020 3
18158 4788 6
17283 14868 2
7337 22884 8
31801 376 10
8381 15461 9
8437 10237 9
24087 3462 4
22122 11283 8
16255 12574 10
12372 16014 9
5029 8957 3
29428 3459 3
23712 3988 1
1261 27797 2
20680 833 1
6959 13729 1
23929 3526 8
5557 185 9
22705 2930 3
30368 61 9
21403 1947 4
3200 21254 8
1040 26845 7
19006 1311 9
10487 17727 3
11848 8129 10
21453 11581 3
14867 11985 5
25473 20 7
13831 7 2
21080 1420 3
1977 27510 7
6141 1421 10
19815 10656 9
13063 2386 5
7255 21257 1
7883 21383 10
21479 5199 6
6323 21208 4
32512 95 2
5116 12100 5
19010 3682 8
25846 5946 3
23242 9620 7
22622 2990 2
3448 7168 7
11329 4020 9
30612 1004 3
15723 11282 3
32644 849 1
29028 2327 7
24133 3703 5
9720 22633 2
25318 2666 7
17591 9215 8
12266 10972 8
32529 172 5
14562 4345 3
25430 6697 5
21470 1091 10
31270 693 5
15331 14567 8
6764 1316 7
12906 2224 2
7048 19634 4
7387 20282 9
7508 18625 1
23850 7285 5
1211 28112 5
16674 3024 5
14307 6319 10
1574 12730 1
28553 2557 9
7837 17556 6
27308 3690 10
3490 19800 9
22212 5281 2
28950 4970 2
12669 5285 2
30637 494 10
31481 11 10
2954 13566 3
6591 10459 8
11013 1837 8
18375 1899 6
5755 26774 1
19616 3083 2
29398 1423 3
29174 779 6
26640 141 3
1730 16817 7
9737 3859 2
28813 4107 9
896 24427 10
27824 3959 2
10550 10529 2
26697 7208 1
11483 6574 6
17230 2080 7
15763 9710 3
7391 3435 9
17752 2365 4
9366 3576 3
4371 10859 1
15351 3756 5
22211 11694 5
18962 10034 3
16073 13179 2
10530 21114 9
24416 7905 5
16036 2104 8
28599 1476 1
5988 13161 4
25768 4615 7
6714 15907 8
27284 2200 2
25035 429 4
22674 8751 4
33687 255 2
12969 6886 10
16020 15548 5
3023 17628 3
2003 2559 1
429 9017 5
13996 16392 6
17206 12561 6
20762 12681 4
6502 21676 7
7000 18106 6
21284 10863 1
14364 944 3
14909 2834 5
23265 4443 8
3015 1369 5
8690 2332 5
25901 6854 4
29615 2408 10
892 33 4
5501 13428 8
17693 298 4
29139 259 10
9157 21498 2
33650 87 2
24725 4912 6
9075 1507 2
25029 5096 4
30331 1550 3
30562 3125 3
1524 5725 9
30404 2592 5
18192 12722 7
9558 14626 10
21771 7729 2
31486 123 4
6826 6629 3
330 9960 1
30174 1257 4
11844 8580 10
4467 19790 10
31851 1061 6
13984 4352 10
6455 25571 6
32118 1063 10
21499 7652 10
9490 8549 9
31986 74 2
26519 5669 3
5353 2841 5
15466 13925 9
7430 24024 7
33653 216 9
10638 9465 6
23893 2173 1
21502 4189 1
27866 4986 5
25408 3381 7
3439 28335 5
18843 916 9
27766 5902 10
9032 20637 7
30461 3027 10
23868 3687 9
21675 9774 8
1533 2951 7
4806 9737 2
20577 9529 3
379 12816 8
845 21619 3
3966 16724 10
362 22962 8
31879 1356 5
15152 16320 3
19921 12778 5
5614 4204 4
27632 442 8
6725 19409 1
15432 8917 8
32513 788 4
22957 419 10
27951 1819 4
33413 23 3
18409 3145 1
204 28889 9
32716 971 5
19747 12913 1
27813 3024 9
991 24399
4270 6973 10
8730 12044 8
7535 15097 7
24135 215 8
14713 1330 9
12427 9343 10
6310 1466 10
3189 6898 7
6745 7895 5
18836 4189 9
16769 3609 8
3034 20207 9
16733 6964 1
8973 891 8
15089 454 7
9645 11091 5
12030 2692 9
4083 9054 10
3640 13614 10
16656 2392 7
4570 4142 10
24352 31 10
4422 10365 3
5782 624 6
16685 5997 5
4418 15035 6
6406 8015 7
8944 8760 8
22532 142 2
10138 9782 5
24065 269 1
23938 134 2
23507 207 3
6596 9358 3
19608 3336 8
15140 2438 5
18422 3085 3
12535 9795 7
5890 17228 9
601 14072 10
20943 692 10
3862 6697 10
14491 2190 9
9213 6995 8
16458 5545 2
12627 1445 8
24207 151 5
14808 7620 9
17896 3473 8
16622 2669 8
22574 645 4
13795 6851 9
6151 10811 4
20693 1325 5
19774 2568 9
17809 3544 6
9697 6098 8
18895 191 10
16016 6493 5
14804 8943 3
16863 2905 9
14257 5244 3
14978 2715 5
22867 87 7
20006 2171 2
244 5560 5
17527 153 3
6092 4818 2
20112 3999 8
10882 7721 2
15630 7983 1
8806 3738 3
16031 871 10
2692 1809 10
5868 3731 2
2433 12917 3
8110 1991 1
6867 10906 3
11752 7144 3
22764 288 2
21242 612 5
2315 21489 4
7646 3728 3
12761 4133 2
10995 7666 10
1068 10023 7
21443 183 7
17838 4557 6
14923 3396 2
19301 4922 6
11040 10139 8
15701 3413 5
3929 8530 1
5237 5031 3
14915 2148 6
14467 5300 1
3348 1896 10
9698 12304 4
12377 9820 10
11468 11397 10
14967 3801 3
20029 2464 7
18198 5031 2
24218 10 6
17000 7047 8
4561 16906 7
14224 9533 8
21158 2695 9
2481 20351 9
10808 4663 2
1764 19074 10
12076 9099 10
10606 11662 7
20331 1752 1
11543 3792 8
13571 9619 8
11832 10063 9
9195 5743 5
21813 1321 7
14789 4906 8
3452 9771 4
23579 468 10
6988 17364 10
4170 10918 10
445 2875 2
7386 59 6
3925 4414 8
8662 3118 7
3645 16870 1
1299 6262 5
653 16421 8
12336 6417 7
19391 3746 3
12052 7362 3
23931 198 4
20800 620 1
18741 1114 4
15920 1566 5
20995 862 5
7476 15339 10
7007 4028 5
2537 13055 6
22442 1427 10
20568 560 9
23736 472 4
5727 11208 5
22880 323 1
17336 6933 2
23720 583 8
13224 7194 8
1712 15448 1
23746 38 5
15003 7201 3
7904 2015 3
10589 9015 6
21536 2426 4
8712 2612 9
5543 18657 6
22097 1069 8
15826 4630 4
5755 11742 7
22549 201 10
4948 3253 4
12870 4127 5
1883 17661 9
4654 2516 2
13413 1104 8
3075 16137 2
18132 1064 4
18189 5249 10
22739 183 10
7922 3386 5
13193 936 6
17709 1580 2
4382 28 10
17703 6601 10
284 13989 2
13015 8954 3
16797 2565 1
7446 2281 7
8682 12433 8
17680 4370 10
17605 4932 4
18787 2397 2
23615 119 5
10616 13574 3
14673 505 5
16950 1181 2
7943 5025 7
22854 1418 10
8337 2866 6
21350 578 6
10350 7530 10
10180 10034 6
23955 287 3
4971 16857 7
9884 1503 1
637 12395 3
18180 5793 8
14699 6589 5
15871 4402 6
8230 4303 10
9371 12541 8
23971 5 8
13330 8253 4
11697 5928 3
1418 6148 7
6538 7747 5
19616 1994 9
1717 19406 5
11487 4270 7
14343 4247 9
181 3559 2
9051 10170 1
668 104 9
1169 4656 10
21748 661 6
15511 4090 6
3088 8067 5
1253 2792 1
17013 4754 3
15584 3760 9
5214 18578 1
20589 736 1
5960 2215 2
21502 54 7
21414 860 7
22902 569 1
18828 5119 2
22757 613 4
827 9178 10
23088 318 10
8731 12916 6
4570 9452 10
2014 9010 2
13053 5370 3
8375 5607 4
7459 4182 7
14083 885 2
16034 709 5
275 18619 6
1933 22286 10
1055 21363 4
17918 1711 6
21088 983 7
3602 15181 4
3901 8502 3
7076 6224 7
16714 2045 4
12521 3363 6
18567 4925 1
21437 1029 7
14519 1094 8
2122 11442 8
20346 2821 7
15558 1191 1
15587 6331 6
16962 6500 10
9991 8504 7
1013 20692 5
12899 6324 3
20666 184 4
477 2943 5
7096 5838 8
9498 10276 10
23923 178 2
21654 2533 5
23312 616 9
1990 10609 5
8710 2025 5
13256 4087 3
3591 18094 5
5898 10587 1
9679 13548 6
18472 3109 6
8862 4485 5
2806 7361 4
9025 6425 6
17379 5441 5
24203 161 3
18518 3424 3
15956 1768 3
9703 5898 2
20814 2551 6
10880 2770 4
8605 13061 8
6371 15666 7
563 10992 2
20308 1763 6
9793 1358 5
3299 5723 2
14272 3534 10
21069 3054 3
8314 16009 8
17955 4990 3
3950 4915 10
23793 301 4
8648 8951 9
8475 5176 9
23128 273 5
12316 8025 2
20186 222 3
4292 6871 6
6518 15301 1
23685 371 10
6496 17760 8
5156 11647 10
22287 531 8
2434 8215 5
5964 17670 2
11956 3838 9
2129 17592 1
17151 4081 6
16135 967 2
9273 11055 10
17341 4801 4
7800 15974 2
12572 2523 10
257 20414 4
3674 6883 4
4499 12343 10
8690 5606 4
17978 3536 10
2956 12785 5
1446 20633 7
15482 3909 3
17751 321 10
13304 675 1
5779 12111 9
5536 18400 5
15350 2905 8
1203 22237 3
22854 420 2
2677 5732 4
282 14497 9
8527 14099 3
9909 5629 3
22944 945 3
22834 1519 3
9620 3454 2
23288 1112 7
1096 8455 6
16425 7155 1
13347 4168 4
14902 1615 3
3179 6832 7
16721 2096 4
19090 2985 4
23501 139 7
5187 18772 3
20880 2392 7
15626 2878 2
5715 2397 6
5140 17535 5
18861 3197 4
11291 11562 10
19004 1295 8
17949 3743 8
15200 1311 8
20439 3031 5
23881 436 5
21911 585 5
5175 13286 1
5399 14634 7
9037 11540 9
23169 664 6
3584 19688 7
706 12641 2
8796 12008 6
1353 10133 3
17127 2294 1
3871 930 7
15394 7937 7
9898 354 9
10527 11734 1
18356 1223 8
3240 8607 6
10448 11962 1
20292 486 7
21717 1277 1
8822 14296 4
19679 3747 2
9599 3246 8
2876 21347 4
2551 18971 4
23924 217 2
13534 10797 10
7853 9580 7
20214 1660 8
8556 5021 10
731 8293 7
22984 30 4
22857 1092 6
22396 1240 3
21276 315 7
11210 3690 6
14990 1784 4
7331 10682 8
20638 1736 8
11084 6115 3
21724 2562 6
17472 28 10
5358 16785 7
12078 3647 5
6522 16728 6
7705 4093 4
14372 1012 9
19738 4613 9
3881 1721 1
23632 229 9
14371 4724 7
22364 1902 3
9451 6599 6
13872 5165 10
5763 4807 7
19847 2501 5
11930 63 1
7839 15421 7
17211 6578 9
2501 21543 7
19136 511 4
9436 11311 4
2047 8782 8
11226 7168 9
7641 15668 3
17335 1646 10
3477 8703 3
12201 10178 4
16701 7574 8
13872 3642 8
23176 981 2
11066 10606 8
21674 2546 8
1604 6626 8
17355 6433 5
15522 2998 3
15413 7916 9
16991 2190 6
22024 63 7
9820 3571 2
15197 2913 10
5334 6695 7
19648 1391 3
14479 638 2
22084 2133 7
7401 16869 6
14467 6731 9
22776 780 4
18718 2125 3
6079 13711 2
20197 1153 2
24355 41 10
13742 2530 3
20370 2569 10
11272 12209 8
6819 15588 10
15217 2695 1
12606 2222 1
23870 523 8
22843 984 5
17494 2967 6
6242 9846 3
6348 13430 8
10473 10068 6
21683 1711 2
4247 4944 7
4306 10265 8
6891 1582 10
11013 3376 4
16528 796 7
2098 13669 1
18464 3658 4
22810 1590 8
4894 8712 7
23132 960 10
16053 522 4
8287 1913 6
6309 10877 3
3812 18110 2
22823 1296 3
11497 6057 10
3400 4550 3
7766 1885 8
21169 2876 2
20903 638 8
15480 5729 8
18210 3983 1
19366 3335 2
22050 1693 2
4034 14726 2
16181 6797 6
12288 5781 2
18348 5197 5
3298 19778 1
17628 2784 2
8547 11294 10
5340 4414 1
6103 3270 9
7330 12959 6
9299 7918 10
2901 1322 8
11172 3098 7
20057 158 2
19788 2641 7
9217 10338 7
13804 10425 7
5509 17986 8
23888 353 2
22722 305 2
7204 1874 5
1792 18410 2
23560 122 7
21464 1715 4
8061 3767 10
20535 751 10
15796 6270 2
19810 2327 8
1537 16175 1
15756 6930 3
23502 82 10
12942 6778 5
9643 2542 1
13281 6525 3
18929 1967 2
19246 4190 8
24018 89 5
6842 6737 2
15482 3340 4
16300 6078 2
8124 13164 8
6965 6920 3
23336 899 9
18679 4137 4
2396 1799 9
11001 3166 6
20054 666 4
18433 483 1
2217 65 5
14260 2682 4
20444 2096 3
11096 6697 6
10144 6642 5
15067 161 2
21500 1990 8
16083 1722 5
14956 5513 1
5852 2433 4
11080 2540 3
17984 2733 5
16110 3479 7
5986 10891 8
662 22414 4
17663 6029 8
17112 791 8
9454 6590 4
17683 2881 1
792 12524 3
11644 4104 8
24296 35 5
8780 2657 4
6567 3682 5
20586 219 3
22803 171 3
6945 288 10
7359 4476 5
6598 8764 3
17483 708 10
11900 10196 10
3574 14579 4
6909 14804 3
21761 1666 5
4318 15788 7
19187 3195 3
12147 10984 7
322 6892 10
8850 3298 8
5879 18118 1
13594 766 4
15948 7534 2
20703 2630 1
14385 1860 4
3043 9902 8
6715 6994 4
10516 13032 3
2734 9546 2
4372 15913 1
10116 392 5
5545 6846 1
2655 3805 3
18521 223 9
3433 1377 7
19836 52 5
22435 266 3
18920 3625 5
16454 3806 7
19479 341 7
5281 4948 10
12060 8068 3
18121 2004 8
19549 2613 3
13084 5063 6
13858 282 3
22578 1148 4
9253 3226 4
11459 9710 10
9017 7777 8
840 14505 10
11412 1766 7
15569 434 5
21584 104 3
3683 4432 1
10076 3513 6
19323 3862 10
1581 9403 7
2525 33 4
4235 18598 1
20278 2376 7
14809 5390 6
9983 4246 2
10652 6866 6
3647 15044 1
1313 17317 3
9669 10771 4
3708 16193 6
11529 11452 7
21665 2296 6
1100 7157 8
17784 51 4
16269 1272 3
22901 944 7
6878 15242 10
2948 16209 7
2186 11884 10
4701 17468 1
20760 403 1
15632 640 5
994 15821 2
19182 3633 6
16727 1964 2
23275 528 1
7342 3753 7
20068 1391 3
19492 2507 1
13317 6253 1
5455 2463 8
15472 34 10
1272 16634 9
11169 13026 9
7253 14087 6
1072 7067 5
3152 7969 9
8095 12410 1
13213 1094 1
652 5355 9
21479 1589 9
17328 568 3
7566 9677 7
5772 3847 7
7097 680 3
22985 802 10
20570 1393 5
5947 14700 5
21717 653 2
18018 2548 7
9128 13419 8
4325 4336 9
4922 5716 8
6052 917 5
22100 2253 9
10838 4011 4
8547 5966 2
12389 7266 8
17482 4236 5
14420 3832 8
17266 4108 10
16057 6912 10
22327 69 1
17514 3251 10
6738 3746 2
23817 266 3
23868 415 2
18449 3738 6
11808 7132 1
16305 6848 9
17278 6140 9
9601 8054 6
12523 4823 2
23173 927 9
12922 8209 7
2403 263 3
23240 838 2
10311 3843 10
9981 1889 7
9127 12120 10
13067 6191 8
4922 8606 10
9353 10275 2
18280 2143 7
2855 2178 9
3569 12679 6
10769 2166 2
4909 5007 6
15404 370 9
5044 12722 3
3318 3580 9
387 19276 5
8719 4606 6
5158 2559 4
13259 286 3
7891 4767 8
7008 12704 9
3053 15979 8
24301 22 1
8640 14822 1
15266 5275 7
2586 18100 4
13501 9074 8
7391 11520 2
21767 886 5
7036 315 6
16652 5658 5
22249 1117 6
11930 9451 3
19755 4473 6
8859 5746 10
21571 990 2
12388 7113 5
12807 5839 6
1153 2165 10
1388 5691 7
3683 1967 1
6539 2443 4
4062 14797 4
13783 8572 9
2987 1028 6
15973 4428 3
4608 19483 7
21944 740 2
8795 2174 8
9101 3439 7
124 20823 9
15834 2512 3
15802 8520 10
20817 1489 3
21305 1661 5
18951 938 3
19643 1973 8
16283 1971 6
15055 8909 6
2639 6412 1
20106 854 10
2723 14517 10
18365 5152 3
5796 17547 7
23741 358 1
21568 1465 2
21971 1686 7
16134 6346 7
16819 2557 4
18591 2240 4
163 10159 10
12883 7456 8
4841 12902 2
16377 4714 4
22498 372 9
22544 1698 3
19502 1999 5
6819 8497 5
20908 3027 2
10428 188 4
4983 18504 9
5091 12992 1
10107 12153 3
7356 13699 10
1874 2434 7
12449 10464 2
12276 8667 9
4892 3921 2
1714 5993 2
22165 110 6
5247 1469 4
5692 10720 2
16377 4834 2
14325 5420 5
12842 3014 10
17893 2249 6
14241 8825 2
2588 7415 1
17036 985 10
22916 564 10
14457 8912 9
4020 10640 4
23097 447 8
10189 8453 2
14627 2470 2
5469 6348 10
1230 20146 2
23815 447 9
23190 955 6
22238 678 3
777 22167 10
15997 7006 7
23522 524 2
19853 933 1
462 7078 9
10365 11919 2
23428 719 1
17638 378 10
21246 64 8
4156 16557 9
6471 5033 10
17655 3379 3
12726 3939 5
21356 2852 3
17829 776 4
4874 5466 4
21884 440 10
7177 7118 3
13787 8691 2
862 19962 5
6632 13675 2
7901 13967 6
1509 1139 2
18901 5091 1
10381 9435 5
22679 990 8
3114 20709 8
22884 593 2
2465 11562 6
17993 5295 10
4664 7463 1
20181 3313 3
10548 2334 3
21269 1583 7
18661 3375 1
864 12950 10
18892 2985 9
17762 2243 8
10517 10742 3
8368 9791 7
2103 13973 4
10338 6017 6
21275 2728 3
21073 18 7
3788 1954 6
8213 13476 6
16482 4737 3
15242 7992 2
13716 2767 9
18487 275 10
20047 1752 5
4255 14355 8
20585 1796 4
3930 6679 8
19837 2159 9
11131 4564 8
10337 10438 5
18528 3432 6
19071 590 9
22395 198 5
7844 6302 8
20466 3008 3
11739 7178 2
19223 4617 10
17371 468 5
13964 2987 2
23933 217 5
9374 8093 2
12926 2550 8
1173 21777 1
5616 12521 10
6371 10827 5
7620 14756 6
15434 1583 10
22437 933 7
11704 640 2
19850 3109 3
14733 8491 4
5967 5447 5
19169 4367 4
23424 118 3
1948 19602 3
23915 300 9
3885 5440 6
6498 4536 9
160 13937 2
12084 5409 2
12381 3196 9
24296 86 2
5152 562 5
3422 19409 2
5178 10537 4
23871 489 7
15054 8776 3
5510 5210 2
14592 6817 2
395 4987 2
11623 11117 3
21492 1670 3
14808 373 7
11738 6425 8
8948 3449 10
7291 2812 10
13247 9753 3
18861 3390 4
9134 13821 9
4920 7257 5
16697 1310 4
22681 951 1
22305 1097 5
11192 6417 1
10031 6592 3
7145 3762 9
12752 4972 8
7801 1993 8
13052 7683 3
11568 12607 10
2828 18678 9
8718 3368 4
9969 12139 9
21325 1924 3
954 8765 1
20535 2538 6
13804 3409 7
7380 7715 2
10295 11617 10
5386 15059 2
8643 13326 4
2557 14706 7
18564 5533 5
17247 6301 3
8779 12062 10
9677 12372 1
10130 6442 10
24136 26 7
10093 4430 6
5092 16558 1
6173 7769 5
8009 8274 4
10796 12686 6
20526 2896 10
12124 3602 10
22995 993 6
12864 3001 3
7955 2092 9
6275 1679 3
2371 8971 8
4409 18306 2
21994 2009 9
21804 1129 6
8492 11612 5
20584 1586 8
2525 6326 3
6231 13577 4
3935 7323 3
22627 1501 6
14287 6867 10
19715 4646 6
18744 1996 7
13056 5498 5
15121 5077 4
15948 3460 6
10089 8766 6
10217 1718 9
21380 2328 2
4810 12435 8
11526 1049 1
17686 5080 7
20959 1630 9
17402 6568 2
20843 2750 6
23018 502 1
5247 3697 10
2144 12588 4
10988 9218 8
17012 3329 7
18037 1323 6
21731 2348 6
2823 12884 9
3912 1517 8
21792 1997 7
18016 5051 2
3467 19478 2
5751 10624 8
22761 449 4
6612 5451 4
17011 5597 1
9734 12505 6
12403 6546 5
9454 14798 2
20789 1268 3
445 95888
26773 11936 2
34404 41631 2
10 76404 9
15077 7318 6
23145 3786 1
50966 7844 1
33979 3302 1
9351 66079 10
70412 10610 1
16339 35874 7
36807 22651 1
22724 24660 4
69927 5243 6
33493 26256 8
13194 61505 1
53527 1260 3
95659 224 2
79817 4741 8
62181 8131 8
31283 13053 2
79594 11217 9
34182 19167 3
59320 427 1
15427 75870 9
65190 7308 7
1565 53387 7
23813 34872 8
809 52095 2
32863 17774 4
51402 20447 6
5576 4897 5
34152 26400 9
85891 3234 4
57982 14794 8
59532 1915 9
21574 72889 7
61222 19570 4
54319 22288 1
59280 11716 9
54281 38361 3
65529 4948 10
24790 56426 1
87952 3779 9
88229 6480 7
15664 17129 3
40252 32009 10
7081 66056 4
90999 3302 1
43700 16072 1
3817 63177 4
80940 7719 6
62794 3862 6
94943 508 6
61794 9809 3
8987 13084 7
44940 20034 2
53151 21977 2
24982 55727 6
59545 4112 2
2115 7459 9
70347 3130 9
16700 18166 6
81874 11280 10
12122 8566 9
88089 1836 7
52275 28241 8
91235 2160 8
77130 17183 2
68312 3479 10
8367 12559 10
32781 36700 10
25903 17533 4
72353 11749 8
81188 3463 8
37226 53745 6
74912 15410 6
8273 32682 2
58281 31881 2
3146 87279 3
47170 31770 2
9211 5080 3
9251 49630 1
53343 10380 5
20978 24993 5
7441 85556 5
33523 44359 8
86651 462 6
43030 19228 9
81274 11230 10
6919 34982 8
62116 13080 7
30807 21327 9
78405 4304 1
6882 81940 4
51477 22192 8
51684 5865 6
23955 58924 6
86063 861 1
60669 11338 9
52142 16790 5
31180 44826 4
29776 33994 5
76189 3639 6
21604 18261 6
92737 1488 3
36247 42132 6
74354 19403 2
65923 2673 5
35239 53057 1
87462 7586 5
75610 4412 4
13859 27838 9
41260 51684 9
33457 46966 10
76218 2115 3
8905 75500 3
48794 38421 6
69749 21657 3
29190 4141 4
50061 1405 9
87921 5076 9
14171 15981 6
57026 38699 1
25663 6215 10
21818 21079 9
50663 4385 2
74541 9655 6
3027 73091 3
56958 9955 6
17231 26261 8
90373 3712 6
43806 38209 2
81614 6503 4
56193 37535 6
78604 12139 5
35220 42421 5
42052 36680 2
59436 34260 9
50114 5900 9
90759 1295 5
45694 36044 10
27666 25090 8
64372 15752 8
19287 24879 5
1796 6689 1
52800 26017 8
42041 34750 9
31337 33861 4
70247 5042 6
18483 55934 4
6502 74169 6
79837 1727 1
84690 8805 2
76352 6291 9
71023 4968 2
47624 7100 6
70598 9737 2
23303 10284 3
80309 1576 4
72386 11176 8
68213 5888 7
33805 48747 10
87670 7318 8
60389 31632 2
11609 32751 9
51611 4645 7
10839 46558 8
50203 25836 4
43622 296 3
65039 14281 6
43783 14769 9
63003 24754 2
55106 4180 3
24774 67114 4
6773 84123 6
70296 6677 5
67197 26727 5
36588 27203 1
95049 599 7
1662 50157 3
66228 25920 2
62905 21516 8
60183 27745 10
8834 82466 8
84552 9531 6
57073 16660 4
73351 4546 8
50541 27797 3
54853 23234 7
37055 15022 10
49801 30103 1
26253 46088 10
75445 10740 7
47702 25312 9
37390 3084 5
65872 18819 5
5994 51373 2
84364 5866 10
13594 76733 1
15637 68454 10
29635 43909 6
7516 48442 10
52461 22278 2
34025 6057 10
67695 7492 2
69392 12589 8
46712 47201 4
31699 6126 5
933 60121 2
77905 9607 7
80516 7620 1
19077 14921 6
27901 16728 6
57188 14764 4
16822 29485 10
73496 1742 5
62032 14497 2
88761 2955 2
27654 56515 2
45243 35633 5
61586 12072 5
66170 24006 2
21414 27860 6
37136 29087 4
51928 225 5
86373 4538 7
60968 11045 4
37626 45097 5
86957 7155 5
26496 27664 1
55152 24955 4
76543 14574 10
75640 7636 4
3167 57913 10
13056 60442 2
55022 24939 5
92464 2865 7
10988 77953 2
346 20566 4
26965 52109 4
84952 10008 8
66475 14742 10
12743 62054 5
66042 3638 5
72717 21013 8
23919 34523 9
56142 27681 5
69276 23924 2
53637 28410 6
902 19030 2
18648 19567 3
46142 41179 4
4794 69952 2
17349 72585 4
70984 12819 9
90567 1885 1
20076 17322 9
40824 12962 6
61824 32004 8
25249 51971 6
80798 4029 10
37073 14475 1
82262 13426 10
87476 7719 9
17856 67880 1
50884 40033 4
812 43126 6
19142 71789 2
72962 19510 10
71140 22280 10
52902 41504 7
29257 3812 4
30960 3877 9
65765 17399 6
15647 36214 4
47769 17663 10
47314 24440 8
26806 63406 3
28012 44499 1
44841 14545 4
50323 33147 10
31010 64298 7
34233 32807 9
75713 654 10
25833 38637 9
89627 2921 4
38314 21272 8
50782 17206 6
48445 34520 3
3866 63862 5
23777 61303 1
30431 32619 2
94681 287 5
67230 2299 7
28535 31637 6
27519 48596 6
43735 12181 6
10423 84462 10
17389 23873 8
95036 121 9
54433 32035 2
22023 26648 1
57641 23725 10
45259 20774 1
30219 1300 10
40461 45605 2
83174 8211 2
90973 2659 10
78182 9913 6
78326 5800 9
71067 2622 3
57467 12894 8
6326 23107 4
1818 83731 3
38038 1516 2
46961 29763 2
82635 6122 9
69048 20692 5
91385 2807 3
13634 64979 1
20053 27982 5
60518 3925 2
87961 2454 3
31984 5668 4
5177 66903 4
77248 10482 3
27808 53759 10
58462 8531 7
13897 60676 1
90867 4341 2
51264 25249 5
37517 30873 7
73033 21492 7
62974 17181 3
37711 40263 7
88791 3247 7
70436 183 7
24285 28630 6
7769 59581 7
34227 41272 9
43909 36600 1
93979 1634 4
28536 25165 9
81166 1729 6
23690 41783 4
20858 37117 4
8953 77676 9
15866 29221 6
33980 61339 10
15881 24141 4
54368 6557 1
47854 22349 5
47234 35431 5
93546 1154 5
35891 15789 9
47457 12937 10
56139 35122 8
90709 2633 6
53804 28220 2
21932 741 3
92867 1146 7
14518 65767 1
87455 2955 10
48740 18999 9
42437 47751 10
2423 29688 10
9251 26545 4
76105 8279 2
73080 18142 9
93635 22 6
87765 4343 6
88231 790 8
91085 2757 2
25152 12139 8
21791 35038 3
78990 10306 4
5724 58060 7
77582 13706 3
79551 210 7
71927 12984 6
86935 674 9
6281 12141 3
52316 12172 5
7662 85699 7
34463 58134 4
23904 9616 7
85355 4695 10
76350 2101 2
61035 23564 10
73465 7036 4
28536 58719 5
65814 14391 7
63408 1047 6
57067 29149 7
53911 16484 1
13166 3474 2
81955 13916 9
66126 13292 10
24513 43669 2
86302 2587 9
71441 1530 9
62793 25453 9
12500 2003 2
88468 3972 2
72104 17579 5
86593 7267 10
12763 60328 2
35847 46285 9
61704 17685 8
36450 58557 2
18053 52154 5
71141 17151 1
37369 12021 8
43957 4896 2
63768 6847 3
4046 84831 2
7608 10893 8
18437 39641 4
61693 7636 2
8035 52829 10
2053 51694 10
33223 19104 8
27999 1189 9
14742 59838 10
69436 19599 1
20429 29686 8
76661 16163 4
42935 18841 7
74925 4795 1
58750 35490 4
63894 1427 1
63760 14111 6
10797 80700 2
63164 32293 3
13252 12484 8
85671 10122 2
2307 84875 1
35946 45226 8
68649 18865 7
35942 7979 7
44616 20117 10
37650 55241 10
7717 54359 7
14064 64212 2
72286 16776 8
592 39362
23610 14859 6
11357 7774 3
34745 1140 3
12347 16150 8
19562 1109 9
32872 2282 2
13518 13453 8
7889 19517 10
34589 1694 4
38661 24 1
909 15264 1
16131 8825 10
30839 6835 9
1060 17379 5
21334 3779 3
2170 15828 4
8781 11846 5
1665 431 9
36100 1718 9
13217 16837 8
24337 5583 5
27241 721 10
34201 506 9
5769 18944 10
11173 12000 5
31982 586 1
8541 29276 6
6004 16937 7
25891 13196 6
29639 9047 3
31653 6142 4
30607 3358 8
34917 3427 9
2912 4434 4
30835 3360 3
16572 882 6
35316 121 9
18764 1730 7
226 1076 2
11280 13997 7
15232 9016 10
19214 9329 9
15762 16446 4
14777 6665 2
24434 1572 8
21494 817 6
37102 1153 4
34757 4231 6
3808 32370 4
21403 17360 9
10718 28454 5
4763 33786 1
4395 16499 2
17046 1759 1
11307 14553 9
26831 4555 4
24476 5250 8
37557 1336 3
1438 23969 6
18211 6837 5
29339 743 8
29808 2697 9
73 13325 10
38904 452 9
19911 1076 3
882 27989 9
35342 1324 8
26376 7304 7
14048 16895 5
5430 11980 1
1243 5261 3
30719 599 6
1458 3388 9
25511 11902 3
8126 15371 7
24044 397 10
17955 15251 7
14510 4648 4
21511 15204 8
22393 3602 3
22801 14979 8
8793 9021 6
17903 11175 1
31233 1596 3
14987 21866 9
33968 302 5
27395 2684 7
33222 169 1
9399 4275 2
15421 12240 8
37479 13 10
23361 13951 3
19073 15442 6
25451 3628 8
26470 6318 3
21945 16521 6
31714 6320 7
4461 18165 6
19443 4425 1
22874 2989 7
6126 11772 2
8598 2194 7
12779 11102 5
12925 18234 7
26789 7431 5
30345 5412 10
9740 23949 5
12961 20830 2
4237 8454 9
29447 2189 4
14095 11081 4
9150 20905 2
31657 7192 9
6730 11145 4
3524 11007 4
9960 3100 7
16338 20222 1
20690 6920 9
3529 33550 5
25208 11308 7
30708 5491 5
6216 4747 5
12510 6328 4
37177 1690 10
10511 6061 10
2338 19175 3
8635 7614 10
21920 3186 3
8763 23106 5
1916 32199 10
12511 4519 9
9802 1253 5
33403 3161 10
3031 7524 6
6880 25160 2
1790 11880 10
15153 18514 2
15973 16728 2
13377 2219 5
3691 33861 1
26438 4894 1
364 4692 7
5243 6963 6
6304 11617 3
16145 5298 5
6685 7016 4
36939 1408 2
16729 3162 1
1702 29608 5
31904 2087 4
3421 32760 3
13641 25454 4
12075 16367 1
9907 5568 2
22012 12170 3
2832 8419 3
4761 18138 1
27700 7558 10
34548 876 9
11311 1890 8
37919 73 1
21884 63 9
2246 28231 7
5873 29204 2
18249 13052 6
25158 6442 2
33044 745 5
10678 16592 1
12831 6841 2
18122 3884 8
7160 21731 10
9439 3919 4
6082 33216 2
22141 1154 6
38233 512 10
31089 6130 7
33415 1878 4
33624 5380 6
21423 7621 4
26897 1863 5
4773 15619 10
28331 2886 5
3747 6274 4
35622 836 5
999 23586 4
26012 748 5
23355 13594 10
27485 10795 3
38687 119 2
33877 4715 4
13368 18708 8
1406 22118 10
12581 17749 8
33917 2136 7
24550 3643 1
28254 1343 8
2442 27303 3
958 10654 8
9171 23371 6
1186 34649 7
14768 5065 6
35791 190 3
4008 9396 6
35100 2214 5
34852 2912 3
9418 10414 8
17058 8368 1
21287 16884 9
5048 13268 3
28213 2079 9
38213 619 5
34985 3749 6
1761 12873 10
30536 2547 1
16692 16821 10
4211 4505 1
32661 3531 7
3705 20210 5
8027 31039 2
34476 484 4
16991 3580 10
17665 14111 2
16732 3224 8
23427 1484 10
21121 14266 2
25697 4325 7
14608 5488 2
30952 4151 3
35429 1244 2
4436 27079 10
14306 6566 9
32922 6349 6
5365 12677 8
31899 6827 9
23705 4873 9
14691 20757 4
7528 15232 10
8884 24517 2
29423 4113 1
34858 1742 4
19835 16122 6
12822 4499 1
3114 8706 1
29914 856 3
37018 1772 6
35673 2969 7
18264 2045 5
11039 11121 3
16359 10436 6
7233 448 2
11682 6211 2
37218 486 8
4946 22701 6
33400 702 7
84 29712 1
26420 3197 8
7538 1765 4
25561 5365 9
25582 8431 7
20122 590 6
24910 13105 8
14586 22187 7
24977 8103 4
6403 15396 8
4593 730 2
7534 15159 5
21354 2086 1
38307 1024 7
538 26087 6
26572 6725 8
10272 2412 4
7442 25092 3
8122 7323 3
13822 7686 7
19733 13742 9
35443 3482 6
13477 10334 5
9102 4581 10
14683 23514 4
28364 6192 3
23826 9743 7
29753 5049 9
7425 17402 6
23923 3556 5
7021 3471 9
34776 2315 10
29538 5696 10
8337 7974 4
8063 2761 3
2509 23325 8
21263 4986 10
17211 5974 3
1611 5640 5
2189 8049 3
30536 1609 5
22597 14580 5
7372 1199 2
217 16544 8
32964 4409 9
26184 11910 1
19992 9041 6
11068 15044 3
3885 16664 9
20059 5369 9
31330 2848 6
14180 17818 9
12232 2909 8
1558 24057 5
27853 2034 2
26232 12486 3
34261 1863 1
34060 3315 7
3388 20227 7
11465 23695 4
6888 1534 10
27980 380 1
23618 11578 9
19057 16074 6
8497 28299 3
27586 5782 8
28497 9265 1
34354 2011 2
9426 24557 10
17921 21065 6
32916 3604 4
28421 2504 7
4685 32286 9
9680 15853 4
29019 4464 10
20356 11748 4
18620 7797 1
5551 2157 1
21365 12671 2
14561 14813 2
21651 12895 8
20677 989 5
17080 10622 5
11906 2609 8
15352 23946 4
33340 4701 5
36806 1993 10
21586 17256 1
17928 386 2
623 3242 4
26716 9971 1
24191 10430 7
30459 7633 1
10676 2218 10
15669 11849 3
8990 4374 6
32586 5751 6
11723 20554 8
17216 5507 4
36847 2106 2
10603 20239 6
8464 4936 5
9197 11995 8
18239 19298 3
7188 31750 7
19872 14610 3
34584 2104 7
28161 3066 3
29853 5528 9
22020 307 7
37147 797 5
2786 30392 4
35454 2352 3
4161 17977 10
19746 9134 6
12740 2458 1
13160 5537 8
28423 6966 3
25436 3702 3
39287 46 7
21107 9112 9
1607 11049 9
33837 3383 9
14754 4391 8
8153 19101 10
1964 24711 6
26002 7706 4
9582 16559 10
8155 15859 1
24403 830 4
1624 31662 1
19135 9884 4
30635 548 1
21678 6620 10
38 9129 8
21158 1152 6
28 19207 5
34544 2962 9
34004 4287 3
36181 2543 1
30537 2727 10
1940 4027 7
25084 462 1
17599 10807 9
17042 5507 3
14425 9219 8
25739 7367 1
12235 22551 8
2095 14517 3
25144 1163 9
16815 10580 4
4091 29122 4
19746 3599 1
35642 3019 4
38325 38 4
4420 27486 9
4627 7506 10
25231 6311 4
27653 10477 8
34060 4528 5
12507 18088 2
19266 8740 1
19647 14524 10
30915 7070 10
802 5003 7
37931 917 7
35899 14 7
3450 8651 6
3205 719 7
18872 1717 2
23424 2631 2
27143 3368 2
30977 4803 3
231 786 4
2227 6976 7
27806 5910 5
34295 592 8
19238 3217 1
29280 7353 1
9581 29239 7
8992 27675 9
17417 21645 1
32787 2848 6
11180 21110 4
27689 9932 10
18259 16163 7
25935 4699 6
12524 13001 8
191 21829 8
34553 3914 4
20127 8536 1
25966 8611 1
5798 10402 6
4967 23692 4
3605 2659 7
10842 3208 6
38258 608 6
2984 24421 8
20575 3986 1
15968 2086 6
10651 3605 1
9117 26343 4
29310 1364 4
6797 30776 8
25016 10025 1
24526 1058 3
19284 3955 5
16160 18575 7
23505 2777 8
8794 16628 2
25929 5820 4
31402 5778 10
10563 25571 5
37933 1042 4
2877 34294 8
18411 1184 4
16650 9292 8
15638 2820 3
156 18740 8
36234 2662 2
16365 4326 4
5910 8336 2
17994 20619 4
12582 8837 7
6055 17766 10
8780 13811 8
21187 9029 8
19423 5767 10
6525 18228 5
18164 15835 5
5823 26681 7
30428 4592 7
12692 22817 5
7077 1498 1
5048 5966 5
37457 53 9
34145 466 5
19640 15096 6
33489 406 5
26894 7683 3
32578 4174 7
10988 1176 5
20029 2050 6
17214 20411 7
12617 23294 2
18291 15356 4
30723 5360 5
19589 8189 6
10475 14976 2
38408 572 9
36093 580 10
34712 1270 9
33589 5645 2
39277 81 1
35564 2770 1
31705 1841 2
18888 18454 4
35694 2003 7
28084 9920 3
28295 278 2
33833 5419 3
384 6183 2
37766 1312 5
1644 7963 2
7032 31820 4
21994 5187 6
27160 2872 2
34960 2886 2
28657 3256 1
34476 3728 9
24773 7263 6
29084 3753 3
17468 12674 6
32898 600 9
22319 204 10
34451 1519 4
18087 8639 6
21266 14832 5
10251 15492 10
16888 12046 1
968 23680 4
14349 7613 4
18317 2446 3
10411 8318 6
25278 8893 5
5450 23271 10
39360 1 7
31552 6083 5
25672 379 8
18203 14069 7
13820 22104 10
38937 271 10
30889 2801 1
8839 442 1
14471 8004 1
17112 15676 10
34308 3010 7
6312 583 1
22766 1423 1
23360 4389 6
37596 248 2
28169 1160 6
12078 960 10
35043 2496 1
4086 19571 1
18104 18953 9
11076 2894 6
30849 3254 3
8372 4214 2
23413 10884 2
27652 8652 7
14592 22797 3
8031 19382 3
2935 12892 4
7448 7182 2
9725 4465 7
23245 791 10
16093 211 1
5368 23234 1
3723 24395 10
35004 3968 6
8779 6321 4
2486 8329 4
22267 7132 6
35779 2032 10
8508 3427 10
3297 16176 7
30110 5795 4
6988 4244 2
276 34395 2
32854 850 10
12917 6548 7
14601 7156 2
25502 3688 10
24808 13232 10
37603 1447 1
31672 5012 2
31017 8296 5
