1
1594 22733
4387 2835 1
13017 9542 9
21731 270 1
6251 8982 6
3242 17033 1
6436 4589 5
20638 268 6
18196 2624 10
16751 4009 6
7514 5469 8
16128 3790 2
12034 6268 4
21237 959 6
19663 1095 7
6303 13349 4
8878 8135 10
10275 10548 8
9405 5364 5
16544 3036 2
13714 2518 7
6289 1847 8
14024 1069 10
4897 13914 8
6232 11478 4
8345 6671 3
19556 1760 9
20285 1659 6
7302 7646 2
6486 9275 1
9244 5502 8
14829 6555 7
6390 8854 1
12089 9592 8
3191 11922 10
8453 3396 8
19088 2006 9
21220 753 4
13750 4284 5
18666 2927 5
8808 13018 6
7381 5419 7
5930 2414 2
15558 2731 1
20556 1782 5
6739 12569 10
4064 15751 4
5959 4117 4
15980 634 3
17615 3444 7
12106 5195 10
9837 5254 8
12827 9385 5
6157 5837 2
22657 76 4
14715 7044 7
12351 1182 1
20078 1528 5
19537 241 3
13858 243 4
1061 20857 10
5347 14387 10
5672 14554 10
17372 2347 5
17558 2518 2
6728 10616 4
76 8507 9
6522 7518 5
19878 104 4
20402 1070 3
19035 2386 8
3838 18372 1
19816 1232 6
13962 4920 4
21059 699 5
14219 1993 3
21516 1217 3
11515 3911 9
17619 4393 6
13119 672 6
19000 40 4
20659 441 10
504 10913 7
9222 1072 1
128 2354 3
532 380 5
11387 11210 10
8232 7019 1
15001 4712 3
6462 11316 9
16157 943 8
2193 3109 8
22256 338 8
1235 20776 5
7050 3176 7
10205 10583 7
3489 17252 1
4565 17480 8
16378 2001 9
1493 20882 9
15673 1512 5
5212 8176 8
21369 6 9
9351 5590 9
363 17475 6
17389 3751 1
22331 245 9
5033 9717 9
903 8404 8
15327 6134 1
11987 10120 4
6470 8256 10
7812 4926 9
14400 7508 2
12459 4012 8
5229 7238 7
6132 11435 4
8213 4925 9
17702 2808 9
18805 3537 8
7379 7802 7
4545 14208 4
19637 1312 10
12786 3749 3
16741 2248 4
22609 88 1
14382 858 6
2252 14436 6
11576 6520 1
20593 310 1
9633 7164 5
4507 13019 4
12290 2838 2
3662 6071 3
6684 11259 3
5004 13113 9
9791 6355 1
10716 6032 2
5114 17185 1
16339 2425 9
19484 1072 8
20531 1137 9
1237 2312 6
15084 4985 9
10562 2443 9
21598 306 7
17865 3079 10
16230 3791 8
19698 2430 4
7975 5599 3
18195 4295 9
18021 367 4
11881 1492 3
9616 3323 9
11078 4851 4
13816 4714 10
14312 1658 3
306 1636 1
14928 3305 9
16057 1786 4
10122 1562 10
6459 3483 1
15354 6733 7
13373 2769 9
11003 6138 6
10025 1546 7
15798 3928 4
18872 2097 1
4312 1993 5
20346 455 2
15237 3594 1
13225 3880 4
813 7630 2
3666 10226 10
11731 10056 8
19223 2107 3
15523 5998 8
18207 4439 5
21500 130 2
6040 7308 9
8230 5707 3
10722 8667 10
10570 3184 3
14612 64 3
15645 1743 9
4866 15297 6
7806 10581 8
2391 18674 1
16177 4724 1
11601 3930 1
10864 1180 9
7416 14370 9
1471 1451 8
3617 12563 8
19669 720 6
20021 775 9
4062 12968 10
15722 3453 10
2918 8307 1
1744 18175 1
19304 2571 9
2440 19997 8
18791 3642 1
3070 16056 2
3534 15779 5
19258 577 8
926 3148 7
11993 9791 10
3358 8677 10
15681 5500 8
11318 8767 8
21361 183 7
15411 5059 3
5080 3650 8
4451 9733 6
20102 631 9
710 16887 8
20395 2274 2
16225 1076 5
7757 11462 9
11701 8821 4
22381 165 6
9619 3877 5
28 14989 7
7579 1028 10
16456 3135 1
1478 3302 5
12886 8873 10
12111 5319 10
21184 428 1
16798 3187 2
19439 276 4
21214 635 10
685 7196 8
8015 4097 6
5581 6015 10
17872 2988 2
10998 7913 5
20496 2133 3
2710 3351 5
16754 2696 4
2052 10730 7
4170 12002 9
13953 1042 7
21243 868 7
7487 15047 10
5961 11396 5
2634 7980 3
14455 4194 9
7637 8581 7
13423 8890 9
18324 4263 8
14462 7749 3
17239 3480 9
16041 3554 4
5151 15124 1
6707 4392 1
16013 729 1
18178 145 4
7430 608 1
10799 7553 6
20486 306 1
4683 5424 2
13911 571 5
11916 1860 2
1934 6013 5
7592 1484 10
16147 1930 5
3772 3470 10
8106 11839 6
21090 564 2
17466 3327 4
4637 10323 7
2980 6569 10
15314 231 5
15674 6024 3
16018 5492 4
9574 7013 6
6525 14838 7
22415 43 9
6707 6052 3
10759 1700 5
414 6449 2
14083 6724 3
9932 12523 3
18651 3030 8
22021 401 9
13589 4351 1
21630 949 7
148 4559 8
10751 7588 4
17585 243 1
8932 6076 7
3397 9455 6
14534 7229 5
21867 132 9
997 6607 4
12898 3740 1
3290 18329 6
8795 2904 1
11884 245 10
8118 2869 7
19583 2778 9
19811 911 7
2668 11335 2
6082 1630 4
17979 1952 1
22094 272 6
895 2007 2
12478 4440 10
7534 6835 3
15463 7258 8
395 10812 4
13694 7412 4
2863 1915 2
1842 9607 3
3730 3746 4
5886 5966 2
19561 1984 7
19362 1523 7
22576 30 5
22268 114 5
837 15831 3
22462 235 6
9047 10217 9
5163 17266 5
15993 2101 2
21835 735 10
20251 2463 2
21082 1566 9
18813 2077 8
5160 8383 8
10275 7718 6
435 18298 6
13084 8499 2
15002 2073 3
18994 3162 1
17164 3378 5
7454 13152 9
15832 729 7
5695 12397 1
10683 11862 7
2644 15840 10
22102 250 4
7286 4081 2
4030 16428 2
5932 10551 8
12019 191 8
4218 8338 6
11757 10372 9
9045 5070 3
17347 1115 10
20852 1507 8
13384 6254 3
11682 4250 3
19390 1039 7
685 20726 5
401 19822 6
19680 1326 9
1720 12009 5
939 14946 4
3467 6587 1
13257 2003 6
12005 3080 4
15017 1541 8
20676 1434 1
11664 793 6
22141 67 6
15893 976 2
5374 16896 1
1226 17712 10
21910 219 2
7197 3443 4
17318 3498 4
10115 5429 7
4104 15354 7
15259 7289 8
10301 6287 1
9924 10976 7
18144 3729 4
1700 4366 8
3653 16067 7
3049 12810 4
6502 4714 4
2841 16102 2
19488 1452 2
2033 4041 3
13698 1384 9
1531 12334 3
22067 535 3
2739 3934 5
3241 4763 9
21194 232 5
3544 783 10
3543 4293 2
11699 8013 5
22611 104 1
19628 71 9
837 19006 2
5930 1242 8
21179 1415 3
13138 7123 1
4977 17668 4
11800 3090 10
1045 8166 4
9488 7090 9
5394 3115 3
5972 4737 4
6520 2253 7
21449 1128 6
6981 10254 3
17997 4251 1
8671 1729 6
13534 1646 7
5535 5411 7
1710 2276 3
15997 981 1
3155 19235 7
13222 4173 3
1641 6760 2
9024 8981 7
11352 5937 1
8234 12062 8
15706 2430 6
2490 17347 4
15713 109 1
10817 11053 8
13898 8816 9
8150 11536 6
5651 4161 4
1150 16966 7
20696 1550 2
12732 9341 4
6689 15161 7
19756 550 7
12799 2735 4
17364 670 9
22441 3 5
6594 3148 9
17407 2885 1
10437 5138 9
12035 3196 9
22325 161 6
6169 1458 9
15419 4199 1
13494 3601 8
4153 10954 8
19929 638 10
4260 10489 2
22412 80 2
141 6482 2
3734 11517 9
11770 6778 8
17770 2895 5
830 7895 5
14334 7112 6
21151 1046 9
17031 4788 8
3376 5912 8
6707 13869 6
4872 16578 3
5060 14617 7
1257 7423 1
20281 169 10
15166 486 7
4572 119 9
10502 3677 9
12750 6819 3
12027 2392 1
6882 8761 3
10248 538 2
11114 9054 10
18509 2931 10
6498 2469 2
8345 13334 7
7659 14291 2
10058 6287 7
1116 12819 4
7254 3457 10
2264 18718 3
7498 10275 10
6241 2561 8
14057 6170 4
3684 812 7
8652 5725 3
19890 251 7
13370 6752 7
21249 873 1
18950 2627 7
3504 17257 9
6814 2397 6
6612 14665 8
2313 5244 8
16405 1756 1
21642 696 6
15950 3108 8
4294 13420 5
4615 13104 7
11172 11167 8
6400 5158 1
15390 3690 4
12479 5764 2
19644 1337 2
11974 10429 7
12958 3507 9
4277 11317 4
17495 2345 7
2894 18342 4
13389 8913 8
1465 20719 1
20168 530 9
20045 2171 8
8637 7371 7
14728 3676 7
9664 1103 1
13346 3879 7
16624 1484 6
18394 21 4
4261 7879 3
21777 787 7
6535 6770 9
20897 1498 5
12386 6478 1
12397 1409 1
9350 7193 4
13434 5264 9
6360 4 3
20119 2452 8
10670 4892 2
18933 234 5
20174 1564 10
11538 6556 6
4960 2331 9
18606 2199 9
18414 1188 4
17668 934 5
18834 2313 1
8129 3603 8
2981 11885 10
11004 2799 3
6019 15552 5
10575 7293 3
9933 612 4
19563 538 2
22600 74 9
8945 9616 5
1721 4228 7
21671 551 7
453 3765 1
22565 143 9
5770 5244 2
10780 14 7
6934 941 1
9661 7085 3
21321 1090 1
3824 2035 3
18232 338 5
12411 649 1
46 884 7
4528 321 10
7058 2105 9
8667 9143 3
17079 609 5
104 19849 5
12142 2265 9
21282 311 1
4290 9193 2
15947 5577 8
5511 13030 9
1994 9522 2
1103 3994 1
22439 173 3
391 19257 4
21006 1012 5
20647 1843 9
8829 6977 9
14794 4589 9
22441 62 7
2148 1362 10
16790 5675 3
18456 3289 1
11323 5915 1
13274 1396 7
18775 1740 6
11128 4536 4
8116 10404 1
14055 377 5
6343 4338 6
13073 4115 3
2872 17462 10
2827 16736 3
6180 6360 10
21110 1344 7
6229 4271 3
1486 2955 5
14955 4024 8
2431 18674 10
9527 10044 6
19220 2065 3
5723 7365 6
4344 9657 7
8190 8310 7
6204 6552 7
14229 4880 1
12509 2338 4
3073 2990 10
21569 579 7
19988 1677 7
11436 8980 10
18689 2405 3
11840 3530 6
9796 423 3
7722 2183 6
15021 4679 9
13052 7330 9
15759 5014 10
16933 2313 6
20295 629 6
18515 2918 9
2722 17816 4
9435 6334 7
9804 903 8
3136 6993 4
12496 9357 6
8102 2548 8
9432 11359 10
1456 13615 6
3281 14353 7
20950 572 4
5241 16685 1
16358 6214 9
3400 14722 6
10909 8863 7
6614 6744 1
14146 4260 2
14662 5072 9
19438 2485 8
564 8368 2
5324 11615 6
15880 4873 9
10404 4752 10
13754 7597 9
16219 2899 10
11707 522 4
4119 7711 5
7486 1941 2
7394 1783 7
22154 483 8
4339 13207 3
16969 4361 10
15767 646 7
516 1787 10
11657 2707 6
3296 9250 9
3311 8004 10
9557 3987 3
1758 17673 3
16534 454 10
18798 1220 6
2245 16357 10
17607 971 2
6694 3662 1
11515 2659 3
21734 571 10
19898 2039 10
6631 4394 10
7310 10163 7
18767 1486 7
613 14384 10
1384 16461 9
21671 632 9
6446 7319 1
2662 13052 2
5335 6859 3
3103 9382 6
1320 2198 6
17739 2577 6
21219 59 6
20243 1365 8
9917 280 5
7879 3002 5
9395 10987 8
18074 1927 8
1608 12416 4
14317 6050 8
22656 69 10
14449 5860 7
9646 12164 6
21110 1044 10
3091 7760 1
6488 14449 3
7076 12199 5
12078 4083 6
4079 11878 9
10726 11507 2
4448 16897 3
9353 7690 1
8210 10369 5
7520 4069 8
20767 1750 2
22328 328 6
1690 13944 2
9629 7280 4
11582 8334 7
19291 789 9
9684 12845 5
7711 5974 1
1991 20140 9
8905 12104 5
1732 343 2
21157 6 2
17046 1962 2
19669 2835 4
15862 6587 10
3019 1842 4
17286 4918 2
20935 1549 5
13851 404 10
4883 17421 2
21309 259 10
22466 77 5
7328 9514 10
11401 3191 10
6792 10352 6
4354 3935 2
6046 2517 8
13621 1662 5
14056 4871 1
16140 4003 4
3219 338 10
10849 3618 8
16161 6010 1
15061 1742 6
5219 14717 5
22076 423 4
13270 5831 6
7748 1810 7
3729 4245 3
19049 106 3
3240 17447 4
4435 11595 1
10626 6020 3
12791 3365 5
22110 600 1
21897 816 6
3733 5285 1
4727 855 6
1377 11781 3
5074 1487 8
22323 41 1
22510 121 2
15819 3509 4
15487 4377 4
20922 775 4
12690 2482 7
18861 3499 3
16490 561 4
5951 518 4
2682 7258 3
19137 44 10
6129 281 4
101 12819 10
2271 14961 3
15656 1638 4
17347 3632 1
20050 1884 10
22503 166 8
12774 6016 10
6527 1001 1
14896 1032 2
5505 12550 10
15142 1176 2
17803 1383 6
3044 12466 10
22509 10 10
21371 912 4
17653 85 10
2245 10499 4
2620 19105 5
6739 4245 8
5714 2413 5
15618 1404 2
13253 7995 4
9465 8292 9
16860 2297 7
20694 972 9
20442 622 3
9015 2199 4
20337 1244 4
20981 664 2
20243 282 5
10438 12130 10
18610 2144 2
7459 1260 6
3899 18548 10
3090 12181 8
13024 1366 8
17800 1281 2
4920 10928 1
5523 15185 9
10396 6665 5
4724 15645 2
21270 1340 1
9619 1295 8
2658 16556 1
14655 4569 4
8599 319 1
8614 806 9
21279 1134 7
397 18597 5
7577 9035 5
19414 1974 9
13329 1191 5
1736 10005 6
13463 3855 6
6977 10568 2
21539 153 6
22258 112 10
93 14409 4
14133 366 1
22605 127 2
1668 6986 3
7413 11263 4
9047 10957 5
12234 8677 4
10862 1842 3
4786 484 7
21779 574 6
13983 7842 3
547 12099 1
18358 4142 6
759 11154 3
22625 15 3
6431 3487 2
15338 910 2
12093 6774 9
10423 7678 7
12805 2528 6
3045 3795 2
5210 945 3
16910 5784 10
5919 14408 6
17872 1080 2
22444 203 9
2162 614 8
11397 8000 2
17980 2439 9
18233 914 2
20687 5 4
4037 5620 3
11653 395 9
15472 4472 6
2368 12025 4
18885 3612 4
10970 10076 5
12416 3254 2
16463 1165 10
6918 9522 6
4423 17104 6
3639 10671 9
529 21026 8
6318 7407 6
9894 5820 8
9501 2486 4
133 14682 7
4036 17993 7
8322 3808 6
14750 6453 7
411 15525 10
19670 741 10
16071 3402 1
8853 9979 10
21473 763 7
11544 1860 8
17875 1412 6
4971 15519 9
5516 16411 4
19707 2598 5
8989 8423 9
7009 10009 10
17834 4447 8
10095 296 8
2498 347 2
20140 189 1
4769 1485 6
2960 15164 10
6104 2357 1
143 2868 3
14045 1133 1
419 9141 9
22437 170 7
13717 3771 4
15206 118 7
21088 203 3
17251 3368 10
22132 361 5
937 16038 7
21093 98 6
1998 10350 6
1462 3202 6
13172 5728 8
16635 5160 1
10698 11080 1
19772 1602 8
9639 9939 6
21743 976 7
6809 15232 1
4953 14082 6
17863 51 6
2297 3076 4
3308 5481 8
4603 10715 8
16776 4554 5
18238 2939 8
7639 6501 7
16248 1216 6
16723 6001 6
20011 711 10
21176 757 7
8835 3314 3
21 12985 8
12140 775 1
22575 26 6
4522 7496 1
13610 6569 5
20893 1786 5
1438 3196 5
21379 160 5
15416 7100 1
12894 3518 7
6607 15525 8
9720 12937 1
6018 10911 3
15554 6655 8
13590 8104 4
9477 9544 4
21574 308 5
9510 10905 9
18031 1600 7
19288 2626 3
16712 4882 2
5812 7676 9
9757 12753 5
10568 562 6
11065 5900 3
17552 2823 3
17746 2522 8
17481 3145 5
16380 5743 10
12857 3621 4
11358 11200 10
11018 4113 4
7636 7486 3
22493 7 2
9720 7103 7
14143 4844 6
15873 3062 9
13631 8630 9
602 8675 4
21823 340 10
22605 49 2
11487 4327 6
8864 336 10
1933 12593 1
17122 3673 4
11840 9314 3
8943 8270 6
17613 2942 6
19639 1881 5
10353 3181 10
17133 1209 2
22053 315 4
21523 995 1
17051 485 3
14634 975 10
2041 13935 9
4905 11851 10
4693 17759 4
78 21951 10
8117 2890 10
3544 16345 10
7561 593 1
11541 2468 5
2926 19501 2
22015 188 10
22387 207 8
21846 854 4
6052 5786 2
21429 1218 7
1872 2574 1
7425 751 9
18090 3245 10
21801 45 7
1456 10019 10
21926 148 6
11216 5205 1
15655 1809 7
8341 10641 2
17510 1259 2
15124 4362 2
12521 10163 5
3638 1058 4
15639 1363 6
5231 3671 10
7010 10066 2
19772 2 7
16580 4757 9
13775 4384 3
8379 9857 4
17436 1102 6
866 11598 2
6960 9994 1
21992 320 7
2203 3053 2
7978 3529 3
11119 362 8
4564 2213 8
11874 5342 3
3526 7554 9
18550 1439 10
8391 4771 7
14691 1184 8
18283 1350 9
5033 6053 1
17058 5357 2
18370 915 2
15299 4783 10
22700 23 6
12292 4348 4
17140 3201 6
2998 10354 5
19983 1923 1
21508 498 6
17568 1874 3
12415 796 7
22447 49 7
22301 417 1
7021 2475 10
7635 6374 5
9646 1881 7
17499 965 2
551 1044 4
14141 4091 2
4485 13787 9
9258 3240 9
16089 4640 1
3436 17711 4
6812 11029 10
19404 2561 8
8317 6251 6
13054 4763 5
12172 1384 3
15133 1430 8
20670 1503 7
11669 4073 4
7203 14201 3
18415 1493 7
14901 7196 3
13595 4616 4
11167 2154 6
16029 3641 3
20740 1645 3
9081 3517 6
10524 5398 3
11899 2407 6
10706 3533 9
11382 2368 4
616 17700 10
10988 4571 6
2648 11721 9
306 18433 3
17516 3954 5
20819 1759 3
15271 3064 3
17317 5280 2
20014 1741 3
7204 11433 10
11594 1907 10
494 9810 1
5542 5784 8
18133 3242 8
19894 532 1
3671 18025 10
3992 729 8
13203 6546 7
15699 1798 7
19375 522 5
13763 2830 7
18750 715 10
251 10611 6
2512 16150 8
9076 9912 10
10962 4218 6
15153 2486 6
8984 2511 2
13460 7456 4
15437 380 3
17441 4238 1
9616 8923 2
14895 952 8
15507 4381 1
14487 4542 6
12756 2829 6
10110 2220 7
9086 11042 6
3779 13203 1
16982 4079 7
21311 110 7
20450 910 5
19653 2262 2
16979 5674 7
6347 6439 8
13596 6988 3
16709 4040 9
11771 9572 5
15816 2700 1
5610 7056 8
9520 214 7
20705 1564 8
22163 245 2
14145 5930 1
19950 865 1
1418 6267 2
5882 6875 9
16398 4970 9
19796 716 4
9538 2745 10
13363 6740 3
7655 694 7
2450 14739 5
5487 15860 9
1360 18137 7
14228 4917 1
18324 1138 4
7942 6569 1
412 4885 1
21140 1212 4
6910 6034 3
1710 10615 6
20472 1340 6
9393 5982 3
8259 1720 7
16171 5266 9
10032 8368 2
6952 9488 4
11048 1839 9
3844 8957 2
8106 7747 9
21086 306 5
688 15096 10
14070 2872 10
9995 12433 7
11144 947 4
8322 2336 3
19251 941 2
2218 2454 9
11173 6614 1
13550 1531 3
4223 17532 1
22651 1 8
12025 6326 2
20528 87 7
14111 1596 2
9725 2884 8
4208 2441 7
19607 2416 10
19331 3389 4
15413 4656 3
3556 11002 8
9121 9161 5
11979 10104 3
10629 391 2
6209 5897 10
9741 1281 10
21969 675 3
17857 556 5
4183 10362 9
14160 2786 6
18988 1250 2
18761 537 5
9161 1175 4
22469 171 5
9978 1988 6
16745 2561 9
297 15379 6
6440 10083 10
20787 1402 5
11299 2064 7
10624 10178 4
20608 1773 10
10729 3769 2
8817 2961 3
15299 5442 4
6421 6692 4
17063 412 3
20518 348 6
16697 3412 3
2124 3529 1
4367 4846 3
5962 1129 6
21421 132 9
1914 17679 1
9080 1167 9
20426 743 8
15920 1988 6
17828 580 6
11305 4040 4
4206 3764 10
9853 11687 3
20927 227 7
317 19696 5
5162 2788 7
4621 17781 6
21399 865 10
21796 152 7
5384 16878 3
20605 659 6
13475 6139 10
6954 9661 10
21376 920 10
14072 3911 8
15116 976 6
1850 8317 8
17965 3539 4
19844 1179 10
11584 8447 9
6304 13766 9
18695 1949 8
15706 6104 9
10687 9264 2
15274 3054 1
9494 5093 1
2640 8964 4
5851 7756 3
7211 9845 5
22365 98 3
5767 15515 3
14984 7546 9
9753 1078 6
15733 2585 5
7444 6238 6
20510 869 6
10617 11543 8
11024 6811 3
1243 10423 8
15428 3064 4
1757 14770 1
3790 17844 8
2077 17020 8
19426 1500 6
7155 9731 5
8288 11860 2
15150 2266 6
12529 6566 4
11831 6308 1
16930 1002 4
345 18288 1
11759 8988 4
15257 4672 4
17046 2848 4
16962 1254 10
15679 4048 7
15699 6224 2
16363 5292 8
22654 76 7
20661 87 6
15360 7159 5
14070 3274 2
15008 6397 6
19588 964 2
3543 2049 4
13132 3052 8
20921 1775 2
6521 9934 10
6126 6210 10
2986 17211 4
14781 7536 8
12476 940 6
20309 554 6
5543 590 6
21497 469 8
5943 3021 6
6679 7436 7
21601 732 10
12735 6619 7
16668 3672 7
10453 12269 8
9586 5510 10
1561 11120 5
4143 2906 2
4827 6044 7
17776 1919 7
4643 17859 8
16708 2108 9
19854 2673 10
1039 17695 1
10154 2446 3
7769 346 10
15048 1831 10
10813 300 2
9127 5621 4
6565 12966 1
11568 5783 5
13358 2418 3
1507 6748 9
22186 464 9
4247 2631 9
5229 637 2
10969 3875 6
10272 101 9
20670 325 1
11890 3548 2
942 14229 10
6978 12438 6
20223 1320 4
3701 4837 3
2360 1932 1
11459 323 2
12218 873 7
12635 9802 7
1 12648 4
21997 79 7
11634 7618 2
15942 5713 10
12211 6175 9
15690 4561 1
12769 6613 6
15460 6709 2
19320 1301 9
5519 12406 3
10976 332 4
6356 8088 5
10198 10132 1
2952 10519 4
19921 474 6
577 5974 6
15586 3444 9
6733 6420 7
10600 284 6
7354 11582 9
17625 1861 5
20861 66 6
17957 2449 1
759 11020 7
11050 6385 8
20945 902 6
20367 72 1
22352 9 5
8052 9101 6
6684 13279 4
20338 1425 7
18608 1841 7
15801 1827 5
9172 9076 2
1726 11113 5
8127 9933 5
11843 9072 10
17010 2209 8
4890 12886 8
15331 98 7
7227 15443 3
22248 285 7
2740 19654 8
19511 2536 3
14887 2110 5
18866 3433 2
8689 8876 4
52 12425 4
3236 4694 2
14375 5273 5
4643 2451 6
15670 224 1
4069 6044 4
16127 5024 1
20707 453 6
12431 9552 3
2856 6959 10
12867 3118 6
8784 1495 2
20803 823 9
11598 6327 10
11358 5142 5
19471 1608 2
21826 466 9
4978 16329 9
1460 13763 9
10360 977 4
8316 6288 1
11167 2824 8
10777 2284 9
13857 3648 1
14606 4197 7
13472 4745 7
9161 11450 10
15270 6297 6
9059 12518 1
20924 1371 5
7337 3155 4
5576 5721 10
2009 17962 4
22027 216 1
12837 2965 5
9189 5572 1
5581 2238 2
7664 11309 3
12776 964 1
16156 2928 10
4917 15300 2
13609 8876 9
16968 1694 4
12851 2632 8
4094 14844 8
131 7377 2
5981 13159 8
3798 12299 5
13335 6800 8
7038 11926 7
4680 16955 7
10015 4917 7
16122 5128 7
14861 656 1
21870 837 9
16993 4615 4
16602 713 4
1854 18338 6
7198 10874 3
22436 234 7
7867 254 4
8889 3234 10
10214 9726 6
4457 6787 5
14904 2057 5
6293 2371 5
7880 2136 10
13900 1185 3
3209 3236 10
1576 11662 2
18694 1222 5
213 15111 4
22033 35 8
12064 8324 7
182 18906 6
7340 3812 7
4903 7763 6
22540 33 5
12350 9026 8
14682 5350 1
10433 4732 8
17825 3162 9
19337 662 7
4804 7575 8
8171 11124 7
6534 12164 3
15813 1237 9
6537 5011 10
5658 2817 1
281 17691 7
21904 116 3
14671 3944 5
20257 733 3
3449 17196 10
14670 4538 1
5075 4193 7
20430 2096 3
7161 13868 10
8231 11033 7
12167 845 2
20391 312 9
7388 8169 1
8472 978 7
7491 5168 5
6716 989 2
2336 322 9
21038 914 1
14964 421 9
7077 7463 8
22084 90 9
13914 3008 4
22131 59 5
14226 2535 7
21624 68 1
10946 2770 3
15636 3529 9
14213 7320 6
16033 3420 1
83 2195 1
7039 13270 3
9838 7603 10
20898 429 9
4087 14095 4
20538 21 2
9592 2925 9
14943 4185 1
9968 2828 4
16014 2848 5
19226 2505 8
8845 11201 10
7929 6394 8
2 5863 10
19432 1902 3
3421 15873 9
21172 1523 2
4183 5175 8
20233 2320 8
203 10615 4
3379 7812 1
17197 4565 10
12422 8297 1
600 2129 2
9484 175 7
21567 297 6
10316 12030 9
12279 7106 4
12755 1832 3
21239 1061 6
16953 4529 5
4685 17389 1
14650 534 4
14299 5887 1
15536 1945 5
21 21465 10
1219 14644 5
5818 8690 6
11055 3225 6
9780 9095 5
14570 4383 2
21947 381 5
19274 3429 10
21080 1631 1
3992 7267 7
15604 5565 10
18212 970 8
18919 1692 1
20768 188 2
15737 2855 7
13432 2900 4
20831 180 8
2166 13388 10
4788 7112 2
10045 418 5
14052 1367 3
18094 1816 9
3424 12467 9
13433 1136 10
17830 683 9
8698 12235 1
20171 852 3
8184 3646 2
8157 4643 4
20644 530 1
19149 3451 3
13435 3807 7
9859 7769 6
19606 211 7
6095 2279 7
6245 7592 9
20928 1393 1
5711 2661 2
5091 14708 10
14400 799 4
4194 4685 7
19580 404 1
5006 10984 7
1759 18266 10
12473 7530 3
13429 8414 10
9347 3114 1
12435 6030 3
12764 9920 4
1077 1171 4
16371 4061 7
19624 368 7
6979 6836 7
2939 13153 7
9537 4078 3
4626 15295 3
3862 5413 10
15819 4037 1
20802 1355 9
16976 4432 8
4070 1205 1
18773 992 8
19847 2022 8
363 13815 10
14913 5947 6
17004 2236 8
19821 866 1
6467 788 1
7663 4238 8
16495 5088 5
21865 63 10
7193 7056 5
8878 3584 4
16396 2256 2
14913 4319 9
