100
3540818977555622635 7923316229743313025
-8288905852611748068 2079858006602771530
5915850832612276418 5638029425196630476
-5946891341036543450 -6052766902540111236
83146132048981165 8716745956826614394
-1162742295639597238 2246586863414191657
9038269270619715635 1334038917328956673
-8283917012617407017 6038332861538592163
-5697114386694571250 6870889166587442989
-4532104197530574190 -8103771524691219505
3384660050771908013 -442877775209019234
-548992313379243468 8223153095146868391
7163494455647341491 -5378225417688270521
287319215872635881 3715144027078004154
-6093881225106868618 -7604458463078707216
-4196934059138489390 -946880401987325785
-3426336478220351615 -6731765095669446475
5145065846284191108 -7534200410995395163
-1840894424527381742 -6110811985719710842
-205608301338282361 993559164094648318
-2384505522510652772 -6664870538814917979
593439280539533529 8508788495288727184
4174428927776108359 -9137605113531711189
-6192878771032869528 3591667572948451915
2267585836931171435 2562874983277226370
-4842837473788569957 -7219583441320846155
-3271973496459044327 4501391266373764076
-950473995287670070 -7236564443509948823
-2217947429633448046 -3424685650521041669
-3298136792595919167 3801725409350385043
-6136935316363588147 4494037279144346647
-2423375056527540158 -6362464454014079882
-2809620572981503499 -4035247205315370500
2666768765651490943 -5193939382567335962
3231076184792995817 -5989766672933880008
8190914645464333988 3665625806767584718
-7741585344512183109 82587035504333489
-4801556141105079733 -2322080020832234580
-3101017906294116046 -1882727903113760738
971243658016812549 -7531880267337853680
3630169489843659848 -7949015159610192247
-2825679272848539176 7034257367140577825
7880530501059300779 6430736986813963987
3872329567459581372 1922201566379648535
1683405506694707264 -5684914522857491920
-8537958088313990115 6089235919781477826
-4906231796434522980 -799786797527437145
3132596652364471388 -2771069797905680894
-7259488237256887415 -7353818997037686893
8434410968971066702 8706044230163376716
-4945180621282842488 6173322774307289125
156204852191365051 -8695069695203945684
-1959206492847874999 -6160118068317647393
8841902009887285472 -3348924949590305603
-5127969158050035916 4619328423592477978
1851016603625168110 -8221580039260578510
7980117661566127075 7349611109161769345
5413104204583758216 4612333706405270353
-1266102459932276315 2460815206640120980
2717095015876298825 7010541009050555635
-1264453784301568259 3961872636293403686
4168191884144695612 1413074897213965702
8379361134056848418 -7009141741460651808
3145268952332580194 1686506557284002955
-7676189663339551363 1465148925398357180
-3321760461735913168 -4773396421285305320
-6861102317594540499 7220349209323655562
2316522150309338894 -7719328269532129450
-1819788618624159098 7600851484644427630
-692785960657892903 1999866773015810308
3533472990900451981 -3550250301287707808
938369748369547105 -2304026593203529230
-7449129700243395458 -2081705276538536534
-7488790211182750996 520494686020249479
-3265680337602353337 1694245464364687470
-1674160314588938319 7711728833847335484
4369212472782093578 86883653465472542
5262804203568690014 2173635904382159903
-1737411735785495137 1291804192869163010
-8606893836143523693 7358260312280346449
-6482364301208944369 -8104489116761418571
3984286466400063845 -888264282177110904
-7012242038567802342 -5219797108599224664
6180252750254592476 7714778832174739854
5196989985495455922 7310375095016153758
6301705549158222453 1893950538743537600
-5440209664336751490 297061092440231470
-5762856255025278304 1345157436421638799
380283664841013080 1023891867438771781
-4006857768198323389 -5118048154508044798
9151932956621733839 -2143260294467191391
2647134834481672501 5005584119149643059
2870569189916341158 4216489398410949463
-5120453215762991164 -7221303547325003570
1384391189127090771 3043603707315517773
-1932628158748798160 6381632480022224277
9056283300277114753 2060123648403665601
6382127606386936621 -1073199625082537250
-6642483600933597810 -895768713088806208
2599453590630149477 5158856149585547539
