1000
11 91 10 84
9 75 8 28
36 51 13 8
95 27 3 10
29 93 0 73
89 54 70 25
95 49 11 16
80 93 36 24
49 10 16 6
63 48 5 18
13 54 9 35
59 30 0 25
28 82 21 77
89 20 9 0
81 11 68 10
100 9 89 1
14 25 4 18
28 98 8 83
64 43 22 31
7 87 3 12
45 57 21 34
9 64 5 35
30 76 23 1
9 88 4 31
24 33 13 25
36 33 22 11
53 42 36 5
67 2 25 0
93 66 34 42
17 75 13 40
38 37 21 23
76 84 4 42
23 41 5 39
11 53 4 50
94 74 72 23
47 86 10 4
11 34 6 16
91 17 73 14
90 61 13 59
21 83 17 78
46 33 8 18
21 10 14 9
45 35 31 6
47 85 1 82
80 72 53 52
46 37 38 16
14 56 4 37
5 53 2 22
73 26 4 21
69 71 1 68
98 69 58 24
46 13 30 3
55 92 19 65
82 4 4 0
56 14 41 5
50 36 27 16
48 63 3 51
89 61 5 4
84 12 35 11
6 31 0 16
80 27 29 14
26 66 25 57
82 28 2 13
36 14 35 11
32 52 5 39
48 76 39 50
23 21 4 12
85 95 59 41
16 59 10 33
32 3 23 2
28 69 12 49
49 20 28 15
53 93 40 48
21 8 20 3
88 71 5 55
92 68 45 11
66 90 16 72
62 3 59 0
25 69 24 8
40 50 0 14
62 99 11 37
33 88 4 22
58 11 57 9
39 28 9 18
67 72 28 5
97 69 12 40
45 61 20 45
25 84 1 21
35 97 32 86
1 62 0 29
41 15 33 4
74 77 5 52
98 87 45 66
74 14 19 12
13 39 10 0
19 74 2 70
69 91 13 60
51 64 37 60
46 85 5 72
93 100 18 68
35 93 19 55
39 34 18 23
76 13 6 7
4 99 1 21
27 90 18 86
88 82 69 24
96 92 20 41
92 28 74 20
31 53 15 50
37 61 19 37
98 91 2 81
66 16 6 9
85 49 64 13
100 26 80 5
72 21 49 7
79 43 28 26
41 84 30 61
75 46 7 14
16 47 2 23
86 49 45 18
72 32 7 16
43 63 42 53
81 7 59 1
18 39 15 36
30 97 4 33
11 79 5 55
74 79 12 74
44 69 29 2
55 91 9 22
24 40 10 1
4 30 0 6
64 33 10 24
9 4 6 2
68 86 65 58
98 95 48 33
8 50 3 2
87 3 0 0
17 6 14 4
28 86 2 41
23 29 14 1
14 13 11 9
18 64 2 27
22 29 11 4
22 74 16 72
31 23 22 11
24 8 4 3
97 84 32 24
53 18 47 4
22 40 4 30
52 28 25 1
6 71 2 28
2 66 1 8
100 23 28 2
11 24 3 10
60 59 44 41
24 54 5 26
40 70 5 32
32 76 19 75
73 28 35 9
32 78 0 11
85 11 11 6
100 76 75 53
20 7 7 4
10 95 3 28
53 58 44 44
92 38 79 7
75 28 2 0
84 93 39 16
38 4 31 0
33 61 13 0
45 4 33 1
76 90 26 41
20 9 15 4
41 7 31 3
61 16 31 1
73 40 65 2
88 85 84 77
88 51 23 44
80 27 36 4
30 58 6 37
53 38 32 36
83 3 29 0
26 3 22 0
97 68 66 13
30 50 2 0
26 10 0 4
9 11 2 2
84 85 24 19
37 97 12 40
14 9 0 4
59 49 28 45
98 34 82 16
36 52 3 51
79 81 59 41
75 28 68 9
94 53 84 31
11 50 8 20
42 11 19 2
79 26 7 13
73 65 50 63
83 26 9 17
19 98 16 75
54 87 24 85
24 27 22 4
80 49 76 45
79 31 70 1
18 71 10 42
47 11 10 3
63 16 32 3
86 51 66 45
38 91 21 53
61 99 28 28
7 23 2 9
29 94 21 77
33 15 7 3
50 34 13 2
7 87 2 53
19 40 7 19
56 48 37 44
79 12 17 2
92 11 46 1
76 71 40 44
27 50 1 36
51 84 19 55
43 21 16 6
24 35 13 23
72 18 41 4
40 68 10 56
96 98 80 68
59 100 22 42
41 97 13 0
54 17 13 11
7 20 1 18
32 54 21 44
60 62 33 29
42 41 23 26
79 58 48 50
40 47 6 38
66 71 61 68
43 7 39 4
12 40 7 38
22 70 5 23
19 43 18 18
71 88 57 8
47 9 30 1
9 97 3 92
62 80 9 76
93 68 79 12
42 7 10 5
35 75 32 51
46 5 36 0
24 17 21 11
22 50 13 42
55 18 48 10
50 52 14 37
34 1 24 0
15 47 0 4
12 81 2 9
11 85 0 35
13 91 3 33
96 22 7 13
39 69 12 50
21 60 20 22
21 98 15 6
38 79 35 10
27 7 3 6
50 78 25 23
74 7 18 4
24 4 5 0
51 32 37 13
8 63 4 22
61 3 42 1
96 80 36 4
65 79 45 62
78 84 41 21
55 42 21 16
6 88 1 15
88 17 80 10
30 97 9 67
51 51 45 40
71 8 14 3
22 7 9 4
7 87 4 36
20 25 15 11
95 74 68 67
22 69 15 27
95 55 6 23
76 52 3 40
15 89 4 29
18 63 3 31
10 32 6 21
25 55 6 10
50 51 43 15
20 95 10 91
28 68 21 14
94 96 75 57
63 91 40 62
20 57 19 39
50 46 27 3
13 62 9 41
67 2 4 1
64 17 33 12
4 20 1 18
62 28 14 26
15 76 14 30
78 95 18 81
99 73 12 48
78 64 43 44
47 91 44 32
33 13 23 10
68 3 63 0
44 67 35 12
31 62 30 39
83 91 49 9
74 26 22 8
94 95 48 4
10 22 9 14
14 92 0 8
95 90 93 64
24 58 6 1
68 60 3 30
22 70 5 27
22 72 10 61
79 55 7 3
18 40 5 2
89 94 86 61
42 16 10 10
98 78 59 42
62 7 55 3
73 19 39 0
8 27 4 3
7 94 2 14
70 36 50 22
4 31 2 24
39 65 37 56
5 41 2 28
16 97 10 25
78 73 7 53
59 83 31 53
63 2 26 0
95 59 28 23
48 38 20 19
37 78 33 12
19 95 6 42
34 92 27 60
14 95 5 37
59 5 12 0
95 4 17 0
11 87 2 74
82 92 26 17
17 97 4 76
7 10 0 6
41 28 22 25
49 18 6 4
5 92 1 38
55 44 9 43
49 30 43 14
68 69 12 54
82 56 29 22
72 76 71 55
68 59 17 5
43 10 16 4
9 24 6 22
95 82 27 22
78 67 21 39
47 25 7 16
45 35 1 0
91 86 60 5
75 59 53 56
72 39 26 3
5 17 4 6
43 29 1 4
41 55 15 31
23 19 6 8
44 20 14 15
65 60 56 12
27 31 21 9
4 32 3 23
23 60 5 36
95 42 92 1
63 20 20 5
87 49 18 14
86 85 85 4
64 85 9 63
8 91 3 49
15 94 13 75
47 68 2 36
22 21 11 4
7 20 5 2
65 49 12 9
80 10 70 8
9 83 5 9
40 72 13 54
77 85 48 11
88 66 84 21
10 34 1 12
93 55 79 47
88 84 63 48
65 37 33 26
64 72 3 8
9 81 4 72
5 33 4 4
18 28 2 10
53 25 51 23
34 75 5 49
79 5 70 3
74 8 70 7
89 53 9 12
23 82 12 70
33 1 3 0
90 8 53 1
73 49 17 16
22 46 18 8
48 62 16 61
50 90 5 17
55 2 17 0
69 88 10 41
67 39 5 31
31 29 8 7
20 15 9 6
83 23 6 2
17 73 2 7
1 35 0 0
48 82 35 22
83 25 64 22
4 85 3 19
18 56 14 22
71 79 58 51
39 63 14 37
15 91 7 70
84 64 41 13
3 59 2 2
50 59 8 48
60 52 1 49
42 20 9 12
70 33 57 18
82 16 30 13
18 100 16 77
98 4 26 2
27 87 4 63
65 42 36 38
8 79 5 53
27 45 19 20
69 100 52 60
46 36 4 24
30 83 15 41
55 47 51 33
42 55 1 29
81 60 41 2
42 96 7 32
58 67 38 3
4 86 1 25
22 79 16 62
83 81 11 46
4 37 1 29
26 94 20 15
20 67 5 32
87 65 26 25
62 43 16 18
75 53 44 4
83 27 76 9
25 39 4 27
41 19 7 3
68 2 50 1
61 26 49 9
42 79 22 55
88 79 36 9
21 81 10 58
79 34 26 9
12 6 10 5
1 88 0 55
24 73 0 67
94 58 22 29
65 2 28 1
3 78 0 6
80 52 25 44
30 11 10 2
100 9 9 7
12 96 9 27
90 44 0 29
63 18 8 17
47 93 17 68
15 53 6 44
50 48 47 26
87 82 32 56
48 63 39 23
78 88 1 68
66 11 37 10
8 86 4 70
63 94 61 79
53 86 36 12
1 39 0 34
10 20 7 3
2 3 1 2
100 67 67 63
96 41 23 13
62 10 31 3
39 35 14 7
76 72 12 30
67 87 39 44
32 16 3 12
48 14 2 9
98 49 9 4
48 19 34 14
29 43 0 16
69 13 20 12
17 71 16 25
49 24 23 8
64 10 13 8
12 20 9 18
23 58 20 26
69 82 58 1
76 55 44 41
62 35 32 28
55 60 49 15
95 72 68 34
42 27 22 11
4 80 1 61
47 83 22 34
81 87 79 75
67 61 17 59
90 35 76 8
62 65 25 47
97 57 44 37
35 18 9 0
17 88 1 84
75 3 6 2
42 89 18 53
50 58 0 17
97 55 73 40
91 69 39 34
55 80 26 8
19 87 9 64
79 34 25 11
10 70 1 69
14 15 0 2
78 88 25 85
95 44 59 16
17 73 10 51
17 45 6 15
60 6 47 1
58 67 0 36
40 85 3 81
87 16 19 9
39 62 35 49
88 38 29 14
49 11 2 6
83 64 14 20
4 88 0 77
10 14 6 13
2 11 1 4
62 33 9 0
40 88 25 22
92 88 76 39
70 2 63 1
28 100 15 52
83 55 57 35
30 65 3 60
95 72 60 47
35 18 5 14
65 95 54 73
43 84 10 8
52 6 31 3
58 6 40 3
72 34 46 2
16 94 15 79
76 24 73 16
98 18 8 0
14 85 5 43
40 12 33 2
72 27 28 4
11 34 7 17
71 18 0 17
63 62 2 58
100 36 87 11
47 27 29 9
9 36 1 1
37 73 14 14
73 2 20 1
53 68 25 20
81 21 3 1
78 61 76 5
67 67 40 23
74 43 60 14
67 40 63 11
4 83 1 40
84 62 78 23
74 75 7 38
1 98 0 7
30 10 5 2
30 21 14 15
59 51 8 19
62 36 44 14
47 17 45 15
44 48 6 4
75 61 67 7
88 53 52 51
72 23 24 20
29 3 25 0
73 2 39 0
93 80 1 14
52 52 8 45
90 82 32 59
96 96 23 6
9 75 1 45
26 70 8 55
86 31 84 12
30 66 14 8
85 4 56 2
76 4 47 3
25 74 7 13
97 85 50 30
76 39 58 17
21 8 4 1
63 11 54 6
56 45 26 22
61 80 54 64
19 9 15 0
13 79 5 38
22 47 8 42
86 5 34 0
33 97 21 67
56 75 2 74
57 48 30 37
33 5 28 1
49 35 24 7
79 54 59 1
75 72 56 36
50 33 5 22
58 92 10 89
68 21 20 13
3 31 1 4
70 38 57 0
90 9 56 4
30 58 24 35
20 62 9 58
65 28 24 20
24 95 16 43
95 75 51 70
51 42 42 12
92 28 48 24
78 80 52 21
82 59 68 16
96 86 50 43
74 65 33 27
50 32 23 24
42 93 22 80
65 36 20 12
69 25 36 12
32 12 19 8
36 17 6 2
13 68 9 42
45 40 3 36
18 27 6 20
24 93 5 89
29 54 0 3
75 47 39 34
82 45 2 5
64 89 7 8
37 99 11 5
3 6 1 2
34 58 22 9
69 37 37 2
91 68 86 20
82 21 30 1
58 27 9 24
92 66 25 41
53 69 35 11
87 74 47 21
96 64 49 22
18 64 8 58
55 62 24 11
93 24 46 12
66 13 57 10
90 8 66 2
22 28 18 18
98 8 35 3
18 36 1 10
95 6 59 5
13 67 4 61
52 11 29 9
36 80 4 69
22 31 10 23
82 25 24 7
27 40 21 23
85 35 8 2
39 88 27 73
68 77 56 12
64 42 46 6
25 20 21 14
83 92 68 57
58 68 36 33
22 63 10 48
94 88 39 65
22 57 18 8
30 94 17 80
100 33 47 4
61 37 20 3
21 58 7 43
86 60 20 2
40 100 31 22
51 77 38 21
52 1 19 0
49 71 48 68
65 25 60 24
52 82 31 8
73 97 21 69
26 58 4 13
88 63 57 61
61 84 30 25
26 56 16 5
26 91 16 66
94 5 19 0
62 36 36 33
94 34 63 15
17 22 9 11
83 73 76 35
47 58 31 52
24 87 18 81
14 80 5 57
71 13 15 6
3 87 1 43
5 84 3 68
33 4 25 1
28 77 26 36
67 71 17 65
28 13 20 4
87 60 18 42
69 97 65 27
39 47 0 14
81 63 68 21
33 64 21 39
83 75 51 59
48 39 10 31
73 66 31 30
62 40 55 19
67 94 47 66
41 60 13 3
54 51 16 42
36 1 28 0
65 39 28 1
53 97 36 38
28 23 17 18
31 92 28 38
81 75 66 42
87 73 35 67
13 61 5 53
88 24 73 15
98 10 46 2
16 87 10 80
87 43 19 26
93 23 47 14
80 4 27 2
27 67 24 59
61 40 43 36
63 37 54 9
12 55 0 16
67 83 38 25
46 18 21 12
6 23 5 4
12 62 10 25
19 30 17 21
27 24 24 18
10 40 3 9
85 34 43 5
8 49 4 1
55 20 3 15
81 54 51 35
60 40 24 16
25 62 19 49
78 46 33 39
9 92 2 73
61 63 27 40
93 91 36 86
93 30 35 6
49 85 10 30
24 98 13 2
62 38 11 0
38 33 31 2
52 99 30 11
95 27 14 2
63 3 12 1
1 59 0 42
68 55 23 50
72 32 24 13
86 63 17 52
68 97 21 47
91 19 35 6
7 61 1 50
30 43 6 28
37 79 5 5
52 34 27 4
9 75 7 52
9 13 5 7
79 38 48 22
98 69 95 66
2 18 1 12
46 44 12 11
97 27 12 2
55 52 29 36
75 82 53 14
71 76 19 67
80 33 48 29
65 68 2 21
27 48 22 25
51 9 33 1
92 54 72 29
99 90 29 88
17 25 13 12
28 36 8 34
50 13 13 9
47 94 22 84
22 85 18 64
53 69 38 16
66 88 33 67
77 44 30 14
79 57 64 49
51 100 26 32
34 66 4 58
54 33 47 4
8 76 6 26
11 95 0 10
8 17 0 15
57 77 52 20
18 33 12 22
46 21 23 13
82 53 68 15
80 34 52 0
37 18 28 2
23 84 1 60
81 14 41 3
27 71 9 58
41 9 13 0
72 11 70 2
57 93 19 18
91 61 27 20
12 10 10 9
19 16 14 3
89 34 52 33
35 40 21 36
16 45 0 40
88 6 3 5
68 90 24 57
85 89 69 39
65 32 42 28
89 10 20 0
85 9 61 4
88 21 45 8
60 42 38 35
63 61 0 0
46 8 31 5
71 19 27 18
84 12 44 6
83 100 68 68
12 28 3 18
8 62 5 12
36 59 9 28
34 6 13 0
40 36 38 21
85 68 33 16
70 7 62 2
42 36 7 21
55 89 8 44
93 22 8 2
45 48 17 24
91 79 65 17
36 9 19 7
79 81 12 9
31 24 18 17
2 39 1 36
13 46 5 41
45 2 23 1
62 54 21 2
75 65 25 19
77 19 62 4
97 29 71 27
61 23 38 18
19 69 3 37
75 87 30 85
86 70 64 9
27 67 0 8
34 83 4 32
32 82 15 2
51 19 10 2
11 76 9 50
81 21 63 19
84 94 38 53
53 2 14 1
85 9 67 1
100 95 93 79
20 43 10 25
33 86 7 0
74 84 9 10
40 76 21 62
48 1 35 0
43 94 30 60
60 80 28 67
60 31 29 3
50 77 38 6
82 11 5 6
84 46 74 8
59 2 16 0
32 12 4 10
46 81 7 16
90 62 73 56
28 48 19 44
92 5 13 3
32 14 28 1
37 78 33 73
68 71 37 23
51 81 16 73
71 68 10 63
57 1 14 0
86 90 46 2
29 73 21 26
73 14 50 9
83 89 57 30
46 67 16 52
1 2 0 0
45 71 30 23
17 93 15 55
76 76 66 70
39 75 14 45
38 80 17 72
85 10 56 3
80 17 34 3
83 2 8 1
50 86 19 65
13 48 4 7
20 7 19 3
50 22 35 0
100 41 15 19
80 25 37 18
63 23 45 8
65 13 61 3
81 49 25 48
13 64 9 28
52 91 17 43
82 99 59 13
1 82 0 78
6 54 2 0
92 39 68 28
85 20 21 6
54 67 37 60
18 56 15 11
54 28 24 22
60 97 58 62
42 62 27 36
39 42 7 21
69 29 56 13
10 54 9 29
28 29 20 0
39 76 13 43
7 38 5 2
24 96 15 14
43 4 39 2
22 4 5 2
7 55 1 42
13 71 6 15
72 95 40 14
5 77 3 43
71 72 0 60
80 56 59 19
28 59 11 29
3 12 0 5
26 35 3 22
60 3 17 0
63 32 38 27
83 94 4 19
54 80 25 4
35 82 20 13
20 16 16 12
10 3 7 2
18 62 2 12
34 7 5 3
3 94 0 13
37 7 1 4
72 72 41 7
50 16 45 5
29 95 4 72
72 67 62 41
42 20 38 13
92 38 46 33
89 59 11 20
92 8 56 7
88 56 6 39
31 49 14 11
22 15 21 8
13 15 3 9
32 49 18 34
77 68 55 53
49 4 42 3
31 30 6 5
8 94 7 67
54 46 17 26
98 94 61 77
80 84 12 27
63 100 8 22
66 26 17 15
67 17 60 11
