1000
7 36 4 33
14 96 7 14
88 35 32 25
21 51 13 46
58 48 52 10
59 99 19 84
11 70 10 66
24 99 21 31
22 27 6 17
71 96 52 19
32 58 10 30
23 99 21 60
72 35 40 4
82 93 79 7
82 48 67 36
84 12 59 6
59 91 0 89
16 40 5 13
43 64 26 39
64 82 16 20
77 18 25 12
41 9 24 5
34 63 30 41
76 17 32 12
17 49 9 34
78 13 66 3
56 42 32 20
13 26 1 22
61 53 15 40
52 79 51 64
82 75 45 54
86 77 52 44
46 22 5 1
55 59 52 30
68 26 10 18
13 96 3 84
62 4 26 3
67 69 38 0
71 4 40 1
81 69 15 63
88 69 32 23
70 93 56 86
84 5 27 3
52 60 35 20
94 63 18 50
87 5 66 1
13 27 4 15
73 37 38 31
99 66 34 39
63 84 27 46
93 44 16 32
50 41 24 9
43 31 42 21
51 16 46 5
24 31 3 1
19 33 6 25
13 89 0 3
19 95 14 90
94 42 72 8
60 92 10 66
55 15 47 9
71 21 50 17
8 84 7 44
30 72 8 53
32 30 8 1
45 32 40 31
13 11 2 10
13 68 10 16
62 63 18 40
64 65 21 10
28 82 16 70
14 83 4 20
17 66 5 54
17 56 4 52
60 91 17 33
37 78 31 51
54 39 53 9
68 48 67 35
25 77 20 17
32 37 29 32
72 83 3 33
15 14 4 8
97 34 90 3
37 14 29 1
69 79 3 73
93 65 37 1
79 29 75 24
86 52 69 20
73 23 71 5
24 24 21 16
64 65 54 62
68 80 52 12
44 75 12 58
35 41 16 32
70 99 61 42
10 81 7 53
67 13 43 5
71 19 47 15
67 30 47 29
78 51 20 38
75 44 33 14
44 12 30 2
13 77 11 25
16 79 7 16
48 97 22 71
36 18 23 17
96 19 84 9
24 52 17 49
58 92 26 21
82 5 2 4
77 25 32 15
18 4 6 1
2 3 0 2
100 91 15 90
44 55 9 39
68 90 31 32
12 49 9 16
20 77 19 39
98 66 80 12
26 49 24 8
34 36 23 14
5 99 0 59
35 18 29 11
60 78 46 51
98 42 97 2
67 40 14 10
24 60 6 8
63 93 43 37
67 62 32 27
17 89 12 34
97 64 26 46
64 4 49 2
72 99 7 81
6 49 3 10
87 36 58 28
54 5 10 0
19 63 13 8
88 99 1 63
65 81 27 59
98 27 82 1
70 1 31 0
65 73 27 62
78 80 50 73
93 53 11 20
52 14 34 2
17 86 15 2
9 18 5 12
36 52 20 34
44 42 25 19
68 36 9 17
94 62 0 27
18 72 5 57
95 63 89 46
35 57 13 44
47 58 7 32
73 3 51 1
21 48 16 3
96 33 26 6
75 100 9 30
21 75 17 11
47 66 12 63
69 57 52 1
99 33 63 20
86 36 65 26
66 65 13 20
67 73 7 27
21 56 5 11
72 42 26 25
54 7 5 1
72 86 40 79
51 66 0 59
65 90 25 0
11 39 10 11
80 47 45 9
15 45 2 37
25 93 16 29
6 23 0 4
2 8 0 4
73 88 38 22
56 97 52 18
48 17 25 10
80 65 74 24
94 8 28 1
31 75 11 53
16 65 6 9
62 86 40 82
54 84 20 44
11 23 6 0
80 51 72 9
21 65 8 33
50 43 11 2
43 64 24 7
72 20 32 18
80 72 36 58
22 15 0 6
32 46 9 39
44 70 11 26
82 59 39 48
35 16 32 8
63 2 38 0
58 14 20 11
5 20 4 17
49 18 22 8
9 98 3 7
36 40 24 8
99 4 39 3
5 21 1 7
57 63 13 11
65 22 27 8
48 84 33 21
83 84 42 34
25 33 17 29
52 11 6 0
9 16 5 8
15 16 1 3
85 3 52 2
58 69 6 63
81 16 23 8
63 13 58 3
12 89 6 8
52 50 5 29
22 7 14 2
46 72 3 54
9 36 6 20
85 29 9 8
41 42 7 9
70 53 53 2
35 2 24 0
15 41 12 15
100 56 77 53
94 25 93 17
79 43 19 40
54 68 37 62
26 20 17 9
96 48 51 28
5 62 1 47
30 100 3 99
51 76 40 51
75 72 15 32
18 15 12 10
29 44 10 1
58 2 57 0
16 90 6 88
82 47 54 40
81 35 0 32
90 50 48 19
60 43 1 14
66 70 6 63
13 31 9 10
45 10 21 1
68 24 7 7
19 73 8 4
16 79 11 20
73 35 56 1
23 76 15 12
4 1 0 0
3 16 2 9
89 22 33 14
78 49 46 41
79 73 77 0
94 18 4 8
84 55 36 5
42 78 34 61
43 20 39 17
15 68 9 33
12 78 3 68
19 33 13 25
38 71 30 68
93 42 71 15
47 50 7 10
10 68 0 17
43 2 41 1
85 73 68 70
17 32 3 29
43 64 14 56
84 47 46 4
79 94 27 6
7 67 1 7
14 29 2 22
41 44 8 41
100 4 89 2
21 30 15 19
93 22 4 12
38 4 11 2
81 34 58 8
11 63 0 14
80 70 66 64
15 34 3 24
53 38 23 8
75 48 50 40
14 43 11 32
63 19 41 5
94 55 40 51
72 85 12 22
94 20 20 19
72 99 38 31
16 26 11 14
47 83 23 2
14 84 12 6
11 44 10 24
36 67 29 2
92 86 37 35
29 16 25 6
33 48 13 7
9 48 2 5
57 15 49 2
97 43 5 42
6 46 3 35
57 84 38 34
97 42 39 18
69 69 55 54
71 84 45 19
4 28 3 9
69 36 6 32
35 46 30 40
97 38 61 8
34 64 32 49
94 68 1 19
9 94 3 34
59 100 53 58
56 34 47 27
20 61 1 20
7 100 6 32
19 59 12 3
14 29 8 1
44 89 40 29
18 49 10 6
77 8 16 5
14 31 13 15
25 3 5 1
95 93 17 65
64 94 10 2
7 66 0 0
42 57 3 14
36 94 32 24
67 96 30 53
86 73 72 7
65 50 23 32
29 9 19 0
65 39 32 9
35 51 27 27
20 7 19 1
19 19 7 10
31 15 14 10
64 2 18 1
95 5 45 0
93 25 10 18
25 6 5 1
83 41 68 31
74 36 35 14
23 73 20 5
84 46 83 1
79 37 69 30
94 57 81 56
45 35 31 28
76 70 59 55
23 54 11 38
33 12 4 8
35 73 31 2
94 8 86 7
36 54 20 35
77 25 27 10
23 1 4 0
39 72 35 62
99 76 76 42
75 78 39 73
5 74 4 54
22 30 18 0
67 25 48 6
97 62 36 60
80 82 5 41
28 39 0 27
22 62 11 60
23 35 22 1
55 44 12 16
67 64 56 40
8 39 1 23
64 76 6 29
16 86 11 25
1 84 0 24
82 8 32 4
98 39 60 24
49 23 48 12
45 77 43 53
63 82 56 39
65 47 63 9
55 61 38 42
22 11 1 1
57 30 48 8
42 21 18 8
1 23 0 8
32 79 13 59
75 12 50 6
29 82 6 15
4 52 2 41
81 39 10 36
19 88 12 29
6 94 5 80
13 73 0 71
29 11 18 4
45 12 16 9
50 53 12 26
93 41 33 8
84 9 80 6
14 42 1 21
6 70 0 55
94 91 20 31
7 100 6 13
1 14 0 9
26 74 5 17
40 62 7 4
26 37 4 20
28 93 8 6
83 64 17 22
72 15 68 3
10 48 9 15
15 14 8 11
20 11 17 4
5 98 3 21
20 58 16 45
6 4 3 0
56 57 0 53
43 60 36 55
99 52 79 29
75 12 13 1
61 89 1 33
26 97 25 77
24 65 6 54
44 7 26 1
97 9 10 5
94 14 45 0
1 63 0 33
52 77 13 64
72 23 37 20
77 27 39 5
44 94 17 34
78 50 55 31
78 63 58 26
27 33 6 3
36 50 16 11
27 40 23 26
65 46 13 29
19 52 11 12
36 41 21 35
7 65 3 59
28 48 4 22
12 30 2 29
76 81 28 22
48 44 14 23
28 18 14 14
76 81 10 41
14 85 5 1
49 28 7 0
2 3 1 1
10 75 7 37
6 95 5 87
66 75 36 18
82 22 16 2
88 52 5 0
36 50 29 2
94 8 59 0
20 69 1 44
12 82 9 24
25 1 13 0
43 64 13 21
22 55 18 54
62 99 14 27
73 58 14 29
42 28 2 2
31 98 24 13
52 38 10 12
5 55 4 28
77 8 22 3
76 45 65 23
80 73 55 22
65 75 25 20
19 43 13 40
26 18 6 13
76 7 29 0
39 64 5 43
73 5 14 1
8 11 6 3
16 22 3 18
61 49 1 15
47 75 28 50
73 24 54 12
97 57 37 39
45 93 31 72
15 33 4 23
87 54 1 5
59 70 31 69
44 5 37 2
87 40 56 16
80 93 46 62
58 32 6 1
49 13 21 1
86 18 75 4
36 2 0 0
84 46 45 34
90 59 54 19
83 8 3 5
100 40 17 25
65 13 61 11
39 26 16 9
44 54 36 33
67 62 49 38
49 28 31 23
8 95 1 6
27 52 5 10
76 11 37 0
40 66 8 38
46 78 41 30
27 20 13 0
33 95 17 28
72 14 35 12
25 24 2 6
31 81 18 37
36 91 11 53
48 93 36 23
85 29 33 13
51 41 37 25
17 41 13 3
46 75 19 6
93 95 58 41
70 42 24 16
65 63 63 57
89 1 7 0
31 53 26 44
58 95 31 54
47 63 6 9
22 91 2 35
36 92 11 36
21 23 6 10
69 49 63 13
47 30 40 21
61 55 3 26
7 15 5 1
36 10 22 8
90 50 89 6
39 78 37 27
96 32 65 1
50 66 21 24
37 65 7 7
21 22 15 13
77 46 0 18
6 66 3 30
80 36 1 29
5 78 0 65
42 13 0 12
96 29 67 23
36 84 32 66
50 24 7 6
13 83 2 18
87 94 29 89
97 90 84 68
10 11 8 0
53 94 26 34
69 47 34 16
64 57 15 26
12 10 4 8
23 22 2 20
43 75 33 37
41 50 16 48
94 63 90 17
51 64 26 21
3 24 2 4
61 66 7 62
52 72 9 11
74 91 50 52
24 49 23 42
4 22 1 10
70 95 46 88
21 42 8 11
62 7 13 5
50 85 3 48
21 13 11 2
52 42 32 6
68 39 40 35
53 69 10 30
89 14 57 4
15 28 14 14
8 37 7 20
53 93 8 9
31 62 2 33
87 84 54 5
86 26 34 9
85 83 25 59
23 62 6 4
8 30 0 5
63 90 8 3
88 14 7 8
71 98 5 13
28 51 18 4
79 33 24 0
28 45 22 38
41 72 38 44
89 40 19 5
98 85 86 50
32 25 8 17
11 46 2 1
70 89 29 37
37 29 13 18
62 81 28 56
70 47 57 32
35 26 31 19
17 19 4 13
52 24 23 21
53 2 32 0
75 21 49 13
6 90 5 57
75 49 33 46
30 45 28 9
27 21 6 0
97 72 13 23
54 9 8 7
93 74 78 21
93 7 29 5
46 20 34 13
98 35 47 21
70 3 9 0
4 39 0 28
41 43 5 19
96 91 0 41
97 93 31 35
89 71 82 15
47 86 15 80
32 45 8 14
76 56 69 13
52 30 49 6
45 5 33 1
39 86 14 69
23 11 16 4
23 2 9 1
3 25 1 17
89 22 54 21
22 98 15 16
77 13 53 3
97 90 7 11
91 22 11 17
94 62 46 52
66 10 59 1
33 36 27 5
33 67 25 12
96 30 38 7
29 96 10 20
70 41 59 19
39 7 3 4
43 76 3 10
28 77 26 33
61 24 51 2
27 86 22 36
12 15 7 3
96 79 57 44
47 47 3 15
45 10 4 1
100 54 22 25
87 66 80 57
40 13 8 10
4 100 0 93
24 10 1 1
8 47 5 10
100 40 15 2
51 17 26 8
27 95 11 78
56 97 6 35
41 50 19 20
64 58 39 42
51 11 42 2
99 79 50 68
2 83 0 49
26 38 4 15
92 28 52 24
71 58 61 28
36 13 0 7
59 95 31 90
46 13 7 1
34 14 23 3
24 73 7 27
1 48 0 26
1 49 0 23
3 77 0 76
94 79 19 61
57 47 50 5
3 45 0 14
13 86 11 73
38 62 33 17
50 15 2 6
76 17 28 10
93 15 24 3
61 3 59 1
81 78 41 75
52 27 10 14
8 90 2 51
52 61 1 2
79 27 44 13
20 61 14 10
25 87 5 49
76 63 19 33
52 32 32 29
17 74 11 70
94 2 36 0
79 79 45 31
29 52 8 32
38 69 30 41
3 48 1 29
100 64 45 59
74 30 36 11
88 43 72 19
17 55 15 12
18 7 5 2
56 43 9 33
4 16 1 6
79 8 73 2
91 1 4 0
3 18 0 4
3 86 1 36
99 19 23 0
93 55 80 8
80 75 61 31
20 75 10 64
72 58 1 52
39 47 0 3
34 26 22 10
37 26 30 14
29 60 10 8
21 48 11 6
96 32 26 24
34 82 12 3
60 75 43 17
95 38 79 4
89 69 1 32
50 36 26 0
90 77 66 64
37 53 29 45
9 74 8 41
84 80 28 42
89 41 40 2
68 65 34 59
22 99 12 94
43 68 20 38
39 26 17 14
85 76 25 30
87 61 69 4
72 38 57 30
11 50 6 13
4 65 1 26
1 81 0 75
35 57 17 36
97 91 31 65
33 34 2 3
38 89 37 31
37 4 18 3
68 4 63 1
98 14 18 11
52 89 33 76
26 88 7 52
54 8 31 0
90 58 12 56
89 51 43 15
83 33 46 8
50 29 36 13
74 43 59 35
85 36 15 26
1 97 0 75
86 58 26 9
99 62 81 50
61 97 24 70
51 58 22 17
90 52 71 21
5 25 2 0
2 83 1 43
15 11 14 4
47 15 22 0
96 83 39 61
35 81 19 18
76 35 55 3
36 62 9 16
94 36 0 19
1 65 0 45
4 35 3 4
99 49 23 32
82 72 9 1
56 2 2 0
14 3 0 2
80 85 12 74
13 31 2 8
26 54 12 31
100 89 28 24
23 99 0 74
56 15 1 14
99 76 57 64
46 63 14 26
85 74 18 58
30 39 23 35
99 54 4 4
60 28 19 13
95 85 77 10
74 69 53 36
54 63 4 37
90 38 5 24
12 46 11 3
62 91 9 6
26 10 15 4
43 57 0 40
58 3 48 1
68 97 38 51
31 56 2 42
1 18 0 2
9 4 1 3
52 53 39 12
96 52 51 50
65 95 2 65
22 58 9 11
27 100 4 59
32 53 5 24
80 28 16 17
72 60 14 56
76 27 46 23
49 66 45 49
94 79 52 77
69 20 68 10
2 94 0 23
97 28 46 21
68 83 30 3
97 10 78 4
43 93 23 18
33 47 28 31
71 9 53 1
28 79 8 61
25 38 14 3
12 64 4 9
6 77 5 8
35 98 8 10
44 60 2 9
39 66 17 61
79 33 13 30
99 70 63 2
36 21 18 4
39 69 13 15
6 35 0 10
43 81 36 56
59 68 20 8
72 38 53 11
30 38 3 11
57 37 4 18
40 83 19 76
71 39 8 20
62 20 10 10
1 85 0 25
68 1 37 0
48 84 34 75
1 73 0 61
52 84 18 59
8 51 3 10
40 50 8 26
80 6 25 5
45 64 16 52
64 78 56 3
27 53 22 42
95 69 68 57
38 8 17 3
24 11 21 9
14 3 2 1
15 82 8 28
98 1 63 0
70 92 4 87
21 10 0 3
44 43 1 34
100 3 81 2
17 32 3 16
100 37 23 32
95 39 32 17
54 56 15 26
6 66 3 4
41 38 27 10
37 23 28 20
53 35 2 13
86 5 50 4
19 71 14 5
17 39 11 38
51 57 37 3
13 69 6 38
24 37 12 28
96 25 94 17
99 43 52 16
63 8 61 0
95 87 94 60
8 15 2 14
5 1 0 0
86 93 4 81
38 43 23 10
23 56 21 5
4 31 1 26
21 33 2 3
28 1 9 0
56 50 13 21
46 26 42 10
37 98 1 3
15 20 4 8
42 53 35 41
25 7 21 0
70 65 10 52
14 79 0 43
73 81 27 39
40 10 5 7
50 11 8 2
78 92 25 32
11 51 8 47
58 23 42 19
44 52 37 13
12 34 8 33
28 48 26 0
81 36 48 24
98 89 93 27
92 84 32 44
96 59 70 28
50 87 25 31
87 34 1 11
91 31 83 1
92 58 63 48
11 80 5 52
96 55 50 3
85 6 26 0
44 81 33 56
78 24 22 12
9 2 2 1
47 57 25 25
13 44 9 41
10 30 4 8
36 26 10 8
29 12 20 6
76 12 25 8
67 53 52 12
8 45 5 21
80 8 29 4
20 86 16 25
80 46 21 45
34 14 2 1
20 29 14 26
78 45 22 21
54 14 22 4
63 47 18 46
49 88 3 63
80 44 20 1
63 37 2 20
83 94 65 46
65 73 51 34
68 68 3 29
90 15 87 10
35 75 22 26
99 73 40 43
49 73 5 40
92 66 51 31
58 27 27 18
37 33 30 18
54 96 44 50
14 28 8 6
86 38 40 27
83 51 72 11
75 77 40 69
11 56 8 10
64 41 41 36
12 91 1 39
62 2 45 1
41 49 20 45
18 67 6 18
38 55 17 39
43 94 25 36
64 49 56 18
99 84 23 73
90 69 76 10
34 94 9 67
8 15 6 14
27 28 5 22
3 35 2 18
68 42 58 20
18 100 5 37
21 27 14 13
6 93 2 28
53 79 18 22
39 81 21 23
63 47 19 45
24 29 22 23
86 77 59 20
14 78 6 14
61 50 1 21
2 1 0 0
19 74 11 39
13 2 9 0
68 16 49 1
54 4 33 2
50 53 17 47
32 5 5 3
40 59 1 25
52 60 22 12
97 7 43 5
60 36 46 18
25 28 3 25
5 64 4 21
98 80 59 50
