1000
23 88 0 16
87 13 40 2
1 10 0 7
24 60 2 7
83 28 9 27
92 4 74 0
65 5 9 3
47 31 5 3
4 83 0 65
56 89 44 36
21 25 18 5
88 33 32 22
56 6 43 3
62 87 38 32
74 47 23 21
14 22 9 12
41 80 38 46
24 95 0 56
61 71 30 8
48 60 29 35
87 14 48 4
1 2 0 0
51 81 31 33
51 22 2 5
95 49 37 38
99 99 62 49
51 6 31 0
63 5 35 0
76 50 26 21
80 56 4 10
67 51 18 39
26 82 5 68
60 8 31 6
100 44 60 34
49 12 42 6
94 10 60 9
87 100 4 74
96 69 66 18
65 69 23 11
50 55 40 50
98 27 84 17
44 15 4 4
29 71 3 5
17 64 16 47
4 34 1 10
41 30 14 4
59 31 34 16
93 49 83 8
68 68 31 61
18 87 9 73
94 96 62 62
19 89 17 7
16 2 9 1
54 83 37 4
89 29 68 10
60 11 59 5
34 49 31 24
60 17 57 8
45 8 5 6
21 89 11 74
77 22 53 9
60 87 14 2
77 59 35 15
66 41 63 36
60 52 8 22
32 56 4 6
16 17 4 12
87 72 78 19
25 68 7 22
67 46 56 44
40 49 37 5
41 40 18 36
87 56 4 47
2 25 1 0
80 45 69 20
60 32 28 24
35 98 21 2
7 61 1 48
3 11 2 5
89 32 47 10
93 56 66 0
63 39 18 0
18 39 2 16
73 24 61 20
31 75 6 26
11 16 6 12
65 25 58 17
40 16 27 3
92 66 48 12
67 59 29 24
93 6 31 0
6 54 1 34
38 3 26 2
91 70 36 60
6 51 2 44
24 53 21 5
59 5 6 4
90 41 33 27
9 68 2 22
6 98 2 35
22 25 7 22
69 44 50 17
82 5 59 3
29 30 14 25
38 61 37 33
59 56 32 42
58 76 4 12
50 45 8 2
5 3 0 1
39 13 17 0
69 31 11 18
60 100 51 30
5 94 4 44
83 12 70 2
20 81 16 57
38 19 13 8
81 16 79 1
17 82 4 34
63 38 47 30
73 66 17 41
24 19 21 6
65 50 30 28
28 89 11 14
5 31 0 23
76 64 66 51
37 34 13 3
41 56 33 40
72 69 65 19
36 82 35 80
78 86 67 18
49 59 36 44
28 77 15 61
69 19 34 2
21 50 4 47
50 94 27 4
84 32 32 2
83 38 44 19
94 75 8 19
42 79 3 25
11 26 3 2
20 73 0 22
85 97 56 57
89 48 86 15
50 24 29 4
63 63 28 61
93 29 79 5
5 96 3 13
81 54 78 38
14 70 13 13
3 8 1 2
48 51 15 35
18 48 7 18
23 89 3 63
38 10 9 8
69 24 56 10
59 8 0 4
61 50 15 32
72 62 13 60
35 93 7 83
31 17 8 13
23 32 12 6
97 7 39 2
27 54 3 17
100 93 10 49
31 21 12 2
11 8 7 6
32 24 0 4
58 7 29 0
15 52 8 25
20 6 7 3
49 78 5 31
30 52 12 16
15 43 12 38
94 46 78 38
24 78 10 24
14 85 4 39
60 29 33 2
85 3 75 2
1 44 0 34
55 94 18 30
33 52 7 42
66 43 2 29
60 77 15 20
81 83 78 75
72 11 34 1
93 21 58 7
41 48 24 45
43 18 9 7
97 16 4 8
15 19 10 5
83 11 7 6
56 78 50 21
65 90 61 24
11 17 8 7
7 18 1 5
11 61 3 41
67 59 43 12
48 7 6 4
1 94 0 64
22 26 3 20
54 15 10 11
12 59 7 36
54 42 53 38
59 18 31 11
40 17 10 4
98 35 82 1
22 44 9 6
17 2 3 0
79 100 33 59
72 57 13 6
67 68 21 64
71 22 14 3
58 91 8 58
16 86 13 12
78 51 14 20
54 95 12 13
16 86 4 1
98 22 87 13
24 24 18 12
58 92 57 67
3 39 1 28
52 69 29 68
14 5 10 0
24 8 9 0
18 77 12 9
87 8 10 1
98 38 1 37
77 53 42 23
74 90 29 62
79 39 16 28
20 12 5 9
45 13 14 9
51 62 8 18
95 95 51 71
50 39 42 20
27 25 0 20
31 68 22 34
88 9 86 7
74 95 70 78
2 64 0 47
45 59 1 39
49 56 11 24
51 53 26 11
33 19 13 0
82 34 16 3
37 10 28 4
79 85 11 70
98 46 0 30
54 77 50 20
58 15 41 3
13 41 3 15
55 59 53 7
100 62 98 39
31 15 15 6
59 52 34 43
59 18 5 3
68 53 47 0
78 79 20 12
40 11 7 1
76 74 23 40
51 34 29 25
29 39 18 25
6 39 2 10
34 66 6 16
95 33 53 21
80 20 47 12
88 92 75 70
37 44 17 35
21 36 2 18
57 3 41 2
77 30 9 5
86 46 56 3
41 91 7 73
97 87 81 60
98 26 77 2
26 32 10 11
29 1 21 0
40 42 16 30
94 73 6 65
68 59 6 58
55 9 9 0
53 56 16 14
80 66 60 34
67 11 64 6
35 54 25 30
85 65 16 55
55 76 16 40
20 96 13 52
34 17 6 2
59 54 7 46
84 53 5 6
83 36 27 30
59 81 28 76
86 56 36 13
31 30 18 19
9 74 7 24
77 41 57 32
84 46 19 6
61 77 34 39
94 4 1 3
33 88 23 66
80 30 6 29
34 29 1 8
76 49 46 29
12 63 4 35
51 75 47 74
11 4 4 1
94 6 83 1
6 34 2 7
34 87 25 61
16 84 14 30
61 96 22 45
19 25 5 24
66 74 56 36
30 52 25 1
49 79 44 3
80 46 54 20
21 64 7 26
53 39 50 13
31 43 0 26
74 9 61 4
3 70 0 1
35 95 29 29
91 86 50 55
25 50 17 28
25 81 24 29
38 58 22 1
95 15 14 4
89 62 7 33
26 76 9 5
36 79 9 45
86 60 38 10
4 57 3 24
89 49 47 27
17 33 15 21
21 64 19 8
69 35 22 22
44 71 1 10
51 46 15 44
24 12 16 2
21 98 0 37
62 52 19 2
60 69 41 32
84 33 9 0
76 34 2 26
69 52 8 27
55 74 46 18
9 11 6 1
45 55 7 47
52 16 42 5
22 4 8 3
65 91 16 27
48 62 43 59
13 95 2 2
64 41 52 3
63 36 46 24
98 79 44 33
2 74 1 65
35 47 15 27
44 9 9 0
92 87 58 63
3 79 1 75
30 38 3 37
16 24 3 14
30 6 14 5
21 92 5 10
27 54 19 11
32 8 6 6
8 16 4 8
80 68 9 14
53 8 10 2
76 71 37 34
35 83 4 68
33 82 13 76
63 13 59 4
94 87 14 85
49 67 11 59
7 51 2 24
42 49 2 0
85 8 68 6
79 64 49 58
25 16 18 6
17 21 5 1
30 31 23 29
21 3 6 0
17 60 6 19
67 12 36 3
97 35 61 31
13 80 2 26
78 92 44 79
71 80 10 34
75 63 21 27
14 32 10 16
26 18 14 10
10 53 1 45
44 98 5 27
29 71 11 25
88 49 55 20
96 27 49 12
14 44 2 9
3 54 2 2
22 85 18 84
26 48 13 8
23 30 21 0
20 53 17 6
58 77 39 13
52 86 26 31
31 41 22 38
60 73 54 41
24 91 1 69
87 72 56 31
34 81 0 28
40 90 1 25
13 24 4 17
75 42 37 34
45 95 31 14
73 9 68 0
89 77 13 61
77 7 5 2
69 99 0 27
47 50 15 40
9 11 8 9
77 97 45 27
53 86 9 10
10 34 1 29
100 69 14 16
1 80 0 43
7 31 2 26
4 21 1 16
9 81 5 49
47 61 17 48
10 13 7 6
27 96 24 47
22 95 15 45
21 11 10 6
29 90 2 78
67 3 18 1
78 19 20 16
99 96 10 68
45 28 29 18
93 71 62 42
7 18 2 2
51 80 48 21
62 95 5 68
84 24 30 22
87 89 75 41
83 72 67 15
26 76 9 16
3 47 1 23
82 79 39 12
10 95 6 50
12 83 5 67
19 9 5 8
70 54 6 31
38 11 12 9
29 69 16 1
76 49 58 12
4 10 1 8
94 96 90 36
64 65 54 43
41 100 3 60
56 59 9 0
52 35 1 19
25 54 4 34
54 39 47 38
61 93 21 45
31 55 18 22
29 30 17 3
96 10 2 4
4 7 0 4
22 86 9 54
87 47 33 21
45 58 35 1
56 39 34 31
62 92 45 77
9 90 5 10
42 87 23 75
56 82 0 70
78 10 8 3
74 54 5 8
95 38 75 33
66 86 40 76
33 72 5 27
49 64 35 58
10 60 7 0
45 70 15 20
90 86 80 15
59 16 31 12
54 8 40 6
39 86 8 69
10 85 1 23
68 8 25 1
72 31 31 12
23 32 5 6
40 61 32 39
6 35 2 14
12 78 6 32
22 76 13 23
96 28 70 15
68 91 25 29
60 29 38 17
41 75 20 3
2 37 1 32
39 95 13 31
87 5 81 0
28 100 7 90
27 73 25 49
78 53 63 21
67 87 51 11
100 68 94 8
59 61 9 51
1 32 0 26
18 6 6 5
65 85 49 56
19 9 12 7
29 57 23 46
63 87 53 67
11 14 3 12
79 57 21 3
5 64 0 42
33 23 3 12
36 43 22 34
48 46 30 22
7 99 0 22
38 74 34 3
67 10 42 5
59 72 4 62
86 86 74 20
100 58 46 37
30 79 23 73
70 89 53 65
29 92 13 70
55 45 32 21
24 19 14 3
85 72 13 57
93 96 13 3
20 61 13 57
15 1 2 0
90 75 41 32
70 100 34 39
94 58 17 12
45 79 29 15
43 32 41 1
10 2 6 0
91 22 88 1
74 52 25 33
3 10 2 9
55 6 25 0
43 7 9 3
59 58 37 13
32 24 31 19
48 65 6 27
15 79 10 20
64 49 34 13
97 47 18 20
28 51 5 12
82 22 16 7
86 85 27 70
72 40 51 1
8 8 1 3
43 30 18 3
81 35 23 24
76 99 30 14
68 66 20 53
28 85 14 35
6 32 5 1
43 60 20 18
34 20 1 7
35 97 12 86
72 87 51 81
92 40 8 38
20 100 3 81
95 75 34 51
58 98 46 90
73 84 35 22
41 77 18 65
79 62 74 3
10 40 8 0
45 60 0 11
68 52 49 31
93 75 67 28
46 91 2 6
91 8 4 3
42 6 18 2
72 44 48 4
94 27 77 14
48 25 12 14
83 59 65 25
77 51 60 25
8 60 6 10
31 56 15 40
57 16 38 3
44 98 18 25
25 15 22 13
60 73 14 34
98 76 89 60
87 6 1 3
34 21 3 2
27 8 5 1
33 18 4 8
73 74 54 8
59 13 5 2
20 63 14 49
73 8 58 6
100 96 11 52
69 81 6 6
78 88 6 12
39 16 17 12
18 59 2 58
80 97 63 39
78 18 10 17
35 7 22 1
94 80 88 70
8 25 5 17
44 49 19 40
27 44 26 39
47 61 13 55
91 78 33 38
94 84 55 45
49 96 1 27
11 28 9 5
12 28 2 1
69 53 2 41
100 59 28 28
100 75 81 63
5 48 3 9
46 40 0 26
19 55 3 3
1 3 0 0
85 39 3 8
34 73 25 30
15 92 2 45
73 27 54 10
73 80 26 69
79 21 78 5
72 77 15 6
30 17 29 7
62 89 49 70
29 21 21 2
100 100 53 70
55 52 29 16
24 38 14 9
78 37 26 28
73 86 44 22
25 2 23 1
56 83 44 9
20 2 5 0
74 70 9 16
72 10 34 2
98 53 89 44
46 51 0 26
17 77 14 31
14 58 6 19
26 44 21 20
70 94 39 29
62 96 10 86
6 77 3 56
75 50 35 2
59 79 24 44
2 22 0 9
70 65 0 42
98 5 34 1
3 6 1 3
3 78 0 22
44 25 0 8
18 4 10 3
37 53 28 15
42 51 14 47
83 75 73 4
98 54 69 28
99 23 38 1
87 61 55 47
66 90 34 47
44 35 28 10
12 49 0 7
41 33 25 6
67 56 15 27
2 17 0 12
2 3 1 1
16 4 11 1
68 4 49 3
12 89 9 24
81 78 41 48
24 87 22 50
61 32 23 14
100 5 98 1
17 27 16 16
66 24 35 13
59 31 32 9
3 99 2 80
66 38 16 9
23 62 0 6
17 67 0 29
57 44 56 4
83 60 59 48
46 13 36 12
61 75 5 45
5 92 3 77
85 36 18 26
14 81 1 11
23 49 22 34
60 66 28 30
11 40 6 12
84 6 71 1
16 80 8 14
33 81 14 0
1 72 0 12
64 93 58 68
7 6 0 5
99 97 45 51
27 9 16 6
24 55 20 17
55 39 49 22
20 77 1 28
62 38 2 9
38 13 25 2
18 38 7 14
39 74 35 66
10 42 7 22
57 6 25 1
26 26 4 13
86 14 28 3
40 75 2 14
95 55 78 43
14 29 5 5
76 47 58 1
85 82 17 70
100 76 23 23
29 70 25 18
22 80 20 43
3 5 1 4
20 55 13 31
89 56 1 21
77 48 42 46
14 39 1 0
60 95 29 68
8 39 2 31
69 24 56 13
24 69 16 40
25 98 19 30
58 1 0 0
67 24 45 0
59 51 30 38
98 7 78 2
60 54 2 48
39 97 7 39
33 35 11 13
82 15 7 10
65 5 2 1
41 60 37 0
18 64 2 10
90 91 22 51
40 13 8 9
43 76 6 15
20 11 11 0
50 95 36 5
26 61 3 36
76 59 44 54
89 81 72 30
68 96 8 78
35 33 1 15
78 97 68 68
60 89 54 12
18 74 12 1
14 11 13 7
8 74 3 27
23 42 14 31
15 69 3 4
47 55 42 29
84 43 5 36
81 82 9 53
89 31 12 6
3 92 2 62
77 16 58 11
25 94 21 49
51 35 45 23
76 17 24 5
32 34 4 31
92 92 50 11
28 55 2 11
51 57 10 13
26 38 11 27
33 7 12 6
14 54 13 49
64 56 26 6
95 64 91 34
71 84 45 45
71 77 19 15
73 72 61 23
24 55 5 0
13 8 4 5
74 96 30 1
16 89 15 42
21 46 7 37
72 79 47 53
73 81 62 60
73 27 24 6
78 56 21 17
35 45 9 18
52 20 18 2
97 18 21 7
53 66 15 26
97 55 65 18
39 12 8 10
15 20 14 5
33 33 26 21
97 74 77 17
31 48 11 2
18 97 17 53
60 68 56 43
76 22 53 3
25 22 1 21
91 17 57 6
69 89 8 20
34 83 26 48
100 4 99 2
55 37 37 32
98 23 24 4
28 98 3 25
26 66 15 36
38 17 13 9
61 56 8 4
50 76 16 18
51 61 41 7
60 93 27 7
86 80 37 3
66 12 51 2
51 81 30 75
90 59 17 54
58 15 36 14
41 57 6 36
71 27 67 18
89 47 63 18
85 10 52 0
32 17 21 9
16 71 10 62
53 29 44 6
12 46 9 25
32 10 9 7
13 1 11 0
30 46 8 10
2 86 1 44
48 12 39 8
33 10 16 5
38 1 4 0
82 56 10 1
46 39 31 20
29 27 20 19
4 49 1 12
71 44 51 38
24 76 10 61
4 77 0 22
77 49 15 44
41 70 40 24
46 4 1 2
26 63 12 12
5 50 3 33
69 82 8 56
78 43 47 7
36 78 29 20
59 12 36 11
1 59 0 49
26 61 1 10
93 22 30 21
23 72 22 65
87 51 16 24
85 99 4 78
39 25 15 11
82 6 81 3
89 27 40 17
37 58 20 10
82 78 6 1
49 63 11 3
39 69 24 3
29 30 5 0
98 99 14 54
32 83 29 54
2 40 0 20
92 23 73 13
20 7 8 3
15 62 0 38
90 88 52 84
31 11 1 7
93 48 1 5
23 22 12 9
8 59 7 35
1 65 0 59
48 40 39 15
70 51 27 2
15 37 2 3
21 22 1 15
23 91 3 74
33 97 25 90
70 7 58 6
26 6 6 3
94 82 86 35
88 41 84 38
68 44 40 34
57 70 14 4
45 8 13 6
69 95 13 48
21 61 15 51
73 3 67 2
57 21 49 5
3 92 1 38
46 12 18 8
22 37 3 15
99 20 48 8
7 76 5 40
17 68 9 59
52 33 29 29
70 95 25 15
46 12 8 4
60 22 39 15
28 70 21 11
16 71 6 10
48 40 12 32
29 18 19 10
18 94 1 49
20 75 9 63
40 41 2 29
40 61 3 5
39 69 6 19
57 36 28 35
42 19 20 15
74 23 37 7
95 67 68 60
45 87 22 56
56 31 29 29
51 13 16 6
3 54 0 41
74 36 9 35
3 41 2 40
84 36 34 23
72 69 67 16
34 95 27 93
79 22 3 16
64 60 63 52
60 69 29 31
70 94 48 45
58 10 26 2
2 65 0 26
75 54 28 35
78 100 66 34
26 54 6 25
4 27 0 22
51 42 41 25
58 67 18 48
15 62 6 46
81 5 70 0
74 88 21 76
87 22 1 7
86 59 14 39
31 77 5 65
11 61 1 31
45 54 10 53
6 93 1 54
53 84 52 41
4 89 2 73
34 8 9 1
50 81 5 56
28 19 2 11
95 18 42 15
48 52 39 46
39 40 13 1
1 7 0 4
81 59 15 43
19 82 6 62
21 40 16 26
36 20 35 5
21 5 6 0
35 44 18 39
39 9 35 3
54 94 31 25
37 32 3 15
81 1 7 0
61 21 12 13
43 46 38 32
61 38 54 9
10 11 3 10
92 53 61 32
79 8 71 1
20 6 6 0
65 77 5 1
70 90 53 36
12 41 11 28
61 89 12 26
60 80 9 71
80 84 74 20
1 62 0 47
2 99 1 25
58 33 40 27
98 12 17 9
72 34 45 8
31 34 20 28
2 84 0 77
18 94 10 27
76 35 61 18
32 73 2 23
45 42 7 39
